date,open,high,low,close,volume,symbol,exchange,source,interval
2021-08-16,1119.699951171875,1129.1500244140625,1113.75,1123.0,177254,HCLTECH,BSE,yfinance,1d
2021-08-17,1121.0,1151.6500244140625,1112.6500244140625,1141.25,268337,HCLTECH,BSE,yfinance,1d
2021-08-18,1158.9000244140625,1158.9000244140625,1131.0,1133.8499755859375,165786,HCLTECH,BSE,yfinance,1d
2021-08-20,1104.0,1140.199951171875,1104.0,1117.1500244140625,84238,HCLTECH,BSE,yfinance,1d
2021-08-23,1126.0999755859375,1178.050048828125,1126.0999755859375,1162.9000244140625,384906,HCLTECH,BSE,yfinance,1d
2021-08-24,1166.300048828125,1173.0,1150.0,1152.199951171875,148527,HCLTECH,BSE,yfinance,1d
2021-08-25,1161.449951171875,1169.800048828125,1140.5,1154.550048828125,126998,HCLTECH,BSE,yfinance,1d
2021-08-26,1155.0,1172.0,1155.0,1167.550048828125,134720,HCLTECH,BSE,yfinance,1d
2021-08-27,1162.0999755859375,1170.0,1159.449951171875,1162.699951171875,87315,HCLTECH,BSE,yfinance,1d
2021-08-30,1164.0,1169.949951171875,1155.0,1163.0,94391,HCLTECH,BSE,yfinance,1d
2021-08-31,1172.0,1193.1500244140625,1161.9000244140625,1181.449951171875,411722,HCLTECH,BSE,yfinance,1d
2021-09-01,1191.0,1192.0,1162.3499755859375,1164.6500244140625,65432,HCLTECH,BSE,yfinance,1d
2021-09-02,1170.0,1181.800048828125,1153.949951171875,1173.1500244140625,89137,HCLTECH,BSE,yfinance,1d
2021-09-03,1175.0,1180.199951171875,1158.699951171875,1174.25,206332,HCLTECH,BSE,yfinance,1d
2021-09-06,1177.0,1209.0,1174.0999755859375,1199.699951171875,105902,HCLTECH,BSE,yfinance,1d
2021-09-07,1210.0,1213.050048828125,1180.5,1182.4000244140625,87874,HCLTECH,BSE,yfinance,1d
2021-09-08,1182.5999755859375,1191.0,1166.949951171875,1188.5999755859375,118959,HCLTECH,BSE,yfinance,1d
2021-09-09,1191.1500244140625,1204.8499755859375,1182.800048828125,1198.699951171875,63591,HCLTECH,BSE,yfinance,1d
2021-09-13,1190.0,1214.9000244140625,1176.699951171875,1207.5999755859375,144899,HCLTECH,BSE,yfinance,1d
2021-09-14,1215.0,1240.0,1207.5999755859375,1238.300048828125,163091,HCLTECH,BSE,yfinance,1d
2021-09-15,1240.0,1288.699951171875,1230.4000244140625,1273.75,206706,HCLTECH,BSE,yfinance,1d
2021-09-16,1295.6500244140625,1295.6500244140625,1255.0,1262.5999755859375,148035,HCLTECH,BSE,yfinance,1d
2021-09-17,1265.0999755859375,1280.4000244140625,1258.5999755859375,1264.25,94489,HCLTECH,BSE,yfinance,1d
2021-09-20,1257.0,1298.25,1251.0,1275.3499755859375,209720,HCLTECH,BSE,yfinance,1d
2021-09-21,1287.1500244140625,1315.0999755859375,1276.5999755859375,1299.0,153129,HCLTECH,BSE,yfinance,1d
2021-09-22,1300.0,1328.199951171875,1299.5,1315.800048828125,206357,HCLTECH,BSE,yfinance,1d
2021-09-23,1327.949951171875,1336.0,1313.8499755859375,1327.949951171875,1175686,HCLTECH,BSE,yfinance,1d
2021-09-24,1336.0,1377.0,1336.0,1357.6500244140625,140037,HCLTECH,BSE,yfinance,1d
2021-09-27,1374.449951171875,1374.449951171875,1290.0999755859375,1295.5,229491,HCLTECH,BSE,yfinance,1d
2021-09-28,1301.0,1306.75,1254.300048828125,1269.199951171875,350127,HCLTECH,BSE,yfinance,1d
2021-09-29,1267.1500244140625,1301.0,1259.1500244140625,1281.0,228373,HCLTECH,BSE,yfinance,1d
2021-09-30,1293.0,1293.0,1269.75,1279.0,88252,HCLTECH,BSE,yfinance,1d
2021-10-01,1272.0,1283.75,1260.550048828125,1273.4000244140625,84526,HCLTECH,BSE,yfinance,1d
2021-10-04,1284.699951171875,1293.449951171875,1274.199951171875,1278.699951171875,62631,HCLTECH,BSE,yfinance,1d
2021-10-05,1277.9000244140625,1312.75,1262.199951171875,1305.0999755859375,211236,HCLTECH,BSE,yfinance,1d
2021-10-06,1311.0,1320.0,1272.0,1275.699951171875,129616,HCLTECH,BSE,yfinance,1d
2021-10-07,1285.949951171875,1317.199951171875,1284.0,1306.25,238013,HCLTECH,BSE,yfinance,1d
2021-10-08,1305.0,1338.0,1294.5,1322.050048828125,189599,HCLTECH,BSE,yfinance,1d
2021-10-11,1309.0999755859375,1324.9000244140625,1236.550048828125,1302.25,1176071,HCLTECH,BSE,yfinance,1d
2021-10-12,1310.0,1310.0,1236.949951171875,1249.699951171875,439442,HCLTECH,BSE,yfinance,1d
2021-10-13,1265.0,1272.449951171875,1244.0,1265.699951171875,148932,HCLTECH,BSE,yfinance,1d
2021-10-14,1288.0,1293.0,1244.3499755859375,1250.9000244140625,473122,HCLTECH,BSE,yfinance,1d
2021-10-18,1250.9000244140625,1272.0,1215.3499755859375,1221.3499755859375,621599,HCLTECH,BSE,yfinance,1d
2021-10-19,1232.0,1252.8499755859375,1225.75,1231.8499755859375,192834,HCLTECH,BSE,yfinance,1d
2021-10-20,1242.9000244140625,1263.050048828125,1221.0,1232.3499755859375,1259886,HCLTECH,BSE,yfinance,1d
2021-10-21,1236.5,1237.300048828125,1189.0999755859375,1211.75,208970,HCLTECH,BSE,yfinance,1d
2021-10-22,1206.300048828125,1222.75,1186.0,1194.1500244140625,344684,HCLTECH,BSE,yfinance,1d
2021-10-25,1192.0,1192.0,1157.5,1165.949951171875,290972,HCLTECH,BSE,yfinance,1d
2021-10-26,1164.0,1182.0,1153.699951171875,1167.0999755859375,288781,HCLTECH,BSE,yfinance,1d
2021-10-27,1175.0,1181.1500244140625,1161.6500244140625,1176.800048828125,317645,HCLTECH,BSE,yfinance,1d
2021-10-28,1177.3499755859375,1185.699951171875,1147.0,1153.6500244140625,196945,HCLTECH,BSE,yfinance,1d
2021-10-29,1153.6500244140625,1172.949951171875,1138.3499755859375,1144.3499755859375,227280,HCLTECH,BSE,yfinance,1d
2021-11-01,1149.0,1191.5,1144.0,1189.0999755859375,181681,HCLTECH,BSE,yfinance,1d
2021-11-02,1195.0,1195.0,1168.8499755859375,1171.4000244140625,81734,HCLTECH,BSE,yfinance,1d
2021-11-03,1178.0,1187.3499755859375,1171.3499755859375,1176.550048828125,131256,HCLTECH,BSE,yfinance,1d
2021-11-04,1189.9000244140625,1189.9000244140625,1178.8499755859375,1183.1500244140625,26061,HCLTECH,BSE,yfinance,1d
2021-11-08,1185.0,1192.5999755859375,1169.0,1182.800048828125,107666,HCLTECH,BSE,yfinance,1d
2021-11-09,1193.0,1193.0,1170.0999755859375,1174.199951171875,258930,HCLTECH,BSE,yfinance,1d
2021-11-10,1168.5,1174.9000244140625,1162.6500244140625,1170.550048828125,174964,HCLTECH,BSE,yfinance,1d
2021-11-11,1169.0,1169.0,1152.0999755859375,1161.300048828125,93222,HCLTECH,BSE,yfinance,1d
2021-11-12,1169.9000244140625,1178.3499755859375,1162.0,1172.75,202349,HCLTECH,BSE,yfinance,1d
2021-11-15,1172.9000244140625,1181.550048828125,1163.949951171875,1171.0999755859375,98486,HCLTECH,BSE,yfinance,1d
2021-11-16,1170.0999755859375,1175.3499755859375,1160.75,1162.9000244140625,144446,HCLTECH,BSE,yfinance,1d
2021-11-17,1165.5,1165.5,1150.0,1153.4000244140625,41536,HCLTECH,BSE,yfinance,1d
2021-11-18,1150.0,1155.0,1113.8499755859375,1120.199951171875,339443,HCLTECH,BSE,yfinance,1d
2021-11-22,1121.0,1125.6500244140625,1101.800048828125,1109.9000244140625,462716,HCLTECH,BSE,yfinance,1d
2021-11-23,1112.0,1119.5,1090.0,1113.300048828125,4054102,HCLTECH,BSE,yfinance,1d
2021-11-24,1119.0,1132.550048828125,1112.550048828125,1119.75,98828,HCLTECH,BSE,yfinance,1d
2021-11-25,1120.800048828125,1130.9000244140625,1111.0,1124.949951171875,125121,HCLTECH,BSE,yfinance,1d
2021-11-26,1113.0,1125.550048828125,1102.1500244140625,1107.75,139585,HCLTECH,BSE,yfinance,1d
2021-11-29,1096.550048828125,1145.0,1096.550048828125,1132.699951171875,149168,HCLTECH,BSE,yfinance,1d
2021-11-30,1140.0,1157.699951171875,1134.0,1139.300048828125,179368,HCLTECH,BSE,yfinance,1d
2021-12-01,1150.0,1162.800048828125,1140.949951171875,1155.3499755859375,128115,HCLTECH,BSE,yfinance,1d
2021-12-02,1163.0,1186.699951171875,1153.25,1184.800048828125,81753,HCLTECH,BSE,yfinance,1d
2021-12-03,1184.800048828125,1189.0999755859375,1168.699951171875,1171.0,121458,HCLTECH,BSE,yfinance,1d
2021-12-06,1171.0,1172.25,1135.0,1136.5999755859375,65563,HCLTECH,BSE,yfinance,1d
2021-12-07,1147.9000244140625,1154.0,1131.199951171875,1149.199951171875,84408,HCLTECH,BSE,yfinance,1d
2021-12-08,1155.0,1181.6500244140625,1155.0,1172.300048828125,200846,HCLTECH,BSE,yfinance,1d
2021-12-09,1176.300048828125,1180.0,1155.050048828125,1168.25,99782,HCLTECH,BSE,yfinance,1d
2021-12-10,1163.0,1166.4000244140625,1156.550048828125,1161.949951171875,22085,HCLTECH,BSE,yfinance,1d
2021-12-13,1172.0,1173.050048828125,1153.699951171875,1159.449951171875,52313,HCLTECH,BSE,yfinance,1d
2021-12-14,1158.0,1165.550048828125,1145.5999755859375,1161.75,80306,HCLTECH,BSE,yfinance,1d
2021-12-15,1159.699951171875,1159.699951171875,1142.300048828125,1147.75,812504,HCLTECH,BSE,yfinance,1d
2021-12-16,1154.800048828125,1167.75,1150.050048828125,1160.449951171875,35480,HCLTECH,BSE,yfinance,1d
2021-12-17,1166.5,1182.75,1165.050048828125,1171.5999755859375,266386,HCLTECH,BSE,yfinance,1d
2021-12-20,1165.0,1171.5999755859375,1145.300048828125,1159.8499755859375,658510,HCLTECH,BSE,yfinance,1d
2021-12-21,1161.0,1214.8499755859375,1161.0,1205.25,148424,HCLTECH,BSE,yfinance,1d
2021-12-22,1215.0999755859375,1225.800048828125,1210.1500244140625,1222.3499755859375,186525,HCLTECH,BSE,yfinance,1d
2021-12-23,1228.0999755859375,1230.800048828125,1216.0,1227.300048828125,48366,HCLTECH,BSE,yfinance,1d
2021-12-24,1261.800048828125,1283.4000244140625,1246.699951171875,1265.0999755859375,611494,HCLTECH,BSE,yfinance,1d
2021-12-27,1273.699951171875,1277.0,1254.050048828125,1266.699951171875,137281,HCLTECH,BSE,yfinance,1d
2021-12-28,1273.0,1288.949951171875,1270.8499755859375,1284.300048828125,108599,HCLTECH,BSE,yfinance,1d
2021-12-29,1284.3499755859375,1299.0,1276.949951171875,1292.0,322491,HCLTECH,BSE,yfinance,1d
2021-12-30,1286.5,1326.4000244140625,1283.449951171875,1317.050048828125,408637,HCLTECH,BSE,yfinance,1d
2021-12-31,1317.050048828125,1329.3499755859375,1309.0,1318.4000244140625,202784,HCLTECH,BSE,yfinance,1d
2022-01-03,1315.0,1342.75,1315.0,1326.25,99222,HCLTECH,BSE,yfinance,1d
2022-01-04,1327.5,1336.800048828125,1307.0,1333.949951171875,234405,HCLTECH,BSE,yfinance,1d
2022-01-05,1331.0,1331.0,1301.75,1311.4000244140625,299349,HCLTECH,BSE,yfinance,1d
2022-01-06,1290.0,1297.449951171875,1277.550048828125,1285.300048828125,306983,HCLTECH,BSE,yfinance,1d
2022-01-07,1291.0,1298.75,1281.800048828125,1291.050048828125,178900,HCLTECH,BSE,yfinance,1d
2022-01-10,1300.0,1304.75,1280.1500244140625,1288.6500244140625,192265,HCLTECH,BSE,yfinance,1d
2022-01-11,1288.6500244140625,1347.550048828125,1280.6500244140625,1344.0,434533,HCLTECH,BSE,yfinance,1d
2022-01-12,1352.0,1356.199951171875,1331.699951171875,1351.050048828125,198084,HCLTECH,BSE,yfinance,1d
2022-01-13,1345.0,1359.0,1321.300048828125,1333.25,165587,HCLTECH,BSE,yfinance,1d
2022-01-14,1328.0999755859375,1342.949951171875,1292.800048828125,1337.550048828125,263454,HCLTECH,BSE,yfinance,1d
2022-01-17,1276.0,1276.0,1244.0,1258.800048828125,567053,HCLTECH,BSE,yfinance,1d
2022-01-18,1265.0,1270.0,1217.0,1219.8499755859375,496588,HCLTECH,BSE,yfinance,1d
2022-01-19,1219.8499755859375,1221.550048828125,1191.1500244140625,1199.1500244140625,279501,HCLTECH,BSE,yfinance,1d
2022-01-20,1204.9000244140625,1204.9000244140625,1170.0,1175.550048828125,178407,HCLTECH,BSE,yfinance,1d
2022-01-21,1172.0,1179.8499755859375,1155.3499755859375,1167.8499755859375,258856,HCLTECH,BSE,yfinance,1d
2022-01-24,1166.0,1166.0,1111.0,1123.050048828125,312524,HCLTECH,BSE,yfinance,1d
2022-01-25,1119.0,1139.550048828125,1088.699951171875,1124.800048828125,194494,HCLTECH,BSE,yfinance,1d
2022-01-27,1114.449951171875,1114.449951171875,1070.4000244140625,1077.9000244140625,571912,HCLTECH,BSE,yfinance,1d
2022-01-28,1080.0,1101.6500244140625,1077.4000244140625,1080.5,239520,HCLTECH,BSE,yfinance,1d
2022-01-31,1089.3499755859375,1114.0,1089.3499755859375,1099.3499755859375,212887,HCLTECH,BSE,yfinance,1d
2022-02-01,1119.699951171875,1136.050048828125,1102.300048828125,1132.5999755859375,205198,HCLTECH,BSE,yfinance,1d
2022-02-02,1140.0,1174.199951171875,1133.6500244140625,1171.0999755859375,169186,HCLTECH,BSE,yfinance,1d
2022-02-03,1165.0,1170.8499755859375,1150.0,1155.800048828125,283209,HCLTECH,BSE,yfinance,1d
2022-02-04,1155.800048828125,1167.25,1137.699951171875,1163.0999755859375,134609,HCLTECH,BSE,yfinance,1d
2022-02-07,1157.0,1171.199951171875,1146.4000244140625,1157.550048828125,74491,HCLTECH,BSE,yfinance,1d
2022-02-08,1157.550048828125,1169.4000244140625,1148.25,1162.300048828125,244279,HCLTECH,BSE,yfinance,1d
2022-02-09,1170.0,1189.0,1166.300048828125,1181.550048828125,274500,HCLTECH,BSE,yfinance,1d
2022-02-10,1181.550048828125,1191.800048828125,1174.199951171875,1190.0999755859375,161272,HCLTECH,BSE,yfinance,1d
2022-02-11,1180.0999755859375,1180.0999755859375,1158.3499755859375,1164.4000244140625,123726,HCLTECH,BSE,yfinance,1d
2022-02-14,1120.4000244140625,1164.300048828125,1120.4000244140625,1147.0,337220,HCLTECH,BSE,yfinance,1d
2022-02-15,1147.0,1173.0,1147.0,1168.75,138695,HCLTECH,BSE,yfinance,1d
2022-02-16,1175.0,1182.5,1160.0999755859375,1169.0,144736,HCLTECH,BSE,yfinance,1d
2022-02-17,1173.0,1173.050048828125,1160.0999755859375,1162.300048828125,99335,HCLTECH,BSE,yfinance,1d
2022-02-18,1151.0,1169.0,1150.0,1164.1500244140625,118922,HCLTECH,BSE,yfinance,1d
2022-02-21,1160.8499755859375,1169.199951171875,1150.199951171875,1165.0,133995,HCLTECH,BSE,yfinance,1d
2022-02-22,1120.0,1154.1500244140625,1120.0,1148.949951171875,152973,HCLTECH,BSE,yfinance,1d
2022-02-23,1151.0,1159.800048828125,1148.1500244140625,1152.5,117301,HCLTECH,BSE,yfinance,1d
2022-02-24,1110.5,1128.6500244140625,1092.449951171875,1098.800048828125,134467,HCLTECH,BSE,yfinance,1d
2022-02-25,1109.75,1140.550048828125,1109.75,1129.9000244140625,204964,HCLTECH,BSE,yfinance,1d
2022-02-28,1125.0,1133.1500244140625,1106.800048828125,1126.6500244140625,155405,HCLTECH,BSE,yfinance,1d
2022-03-02,1128.0,1128.0,1109.449951171875,1116.550048828125,58495,HCLTECH,BSE,yfinance,1d
2022-03-03,1124.0,1151.800048828125,1120.699951171875,1139.75,189906,HCLTECH,BSE,yfinance,1d
2022-03-04,1125.0,1154.25,1122.6500244140625,1138.050048828125,121270,HCLTECH,BSE,yfinance,1d
2022-03-07,1110.0,1161.3499755859375,1110.0,1153.699951171875,196351,HCLTECH,BSE,yfinance,1d
2022-03-08,1155.0,1179.0,1155.0,1175.25,180467,HCLTECH,BSE,yfinance,1d
2022-03-09,1189.9000244140625,1195.0,1161.8499755859375,1182.4000244140625,105493,HCLTECH,BSE,yfinance,1d
2022-03-10,1196.0,1198.199951171875,1175.1500244140625,1192.1500244140625,108757,HCLTECH,BSE,yfinance,1d
2022-03-11,1182.0,1207.0,1176.800048828125,1193.550048828125,137334,HCLTECH,BSE,yfinance,1d
2022-03-14,1192.0,1214.550048828125,1177.949951171875,1202.75,205642,HCLTECH,BSE,yfinance,1d
2022-03-15,1207.1500244140625,1213.8499755859375,1168.5,1176.9000244140625,121346,HCLTECH,BSE,yfinance,1d
2022-03-16,1190.0,1202.5,1185.0,1199.300048828125,127920,HCLTECH,BSE,yfinance,1d
2022-03-17,1214.0,1215.050048828125,1190.75,1196.550048828125,115202,HCLTECH,BSE,yfinance,1d
2022-03-21,1204.449951171875,1210.0,1165.0,1168.800048828125,174746,HCLTECH,BSE,yfinance,1d
2022-03-22,1175.0,1182.0,1162.3499755859375,1177.1500244140625,140565,HCLTECH,BSE,yfinance,1d
2022-03-23,1185.199951171875,1190.6500244140625,1170.25,1179.9000244140625,133962,HCLTECH,BSE,yfinance,1d
2022-03-24,1174.0,1194.0999755859375,1170.0,1191.5999755859375,100774,HCLTECH,BSE,yfinance,1d
2022-03-25,1198.949951171875,1198.949951171875,1175.0999755859375,1180.3499755859375,53094,HCLTECH,BSE,yfinance,1d
2022-03-28,1180.0,1186.75,1158.699951171875,1163.699951171875,609167,HCLTECH,BSE,yfinance,1d
2022-03-29,1169.25,1174.949951171875,1163.949951171875,1168.4000244140625,83884,HCLTECH,BSE,yfinance,1d
2022-03-30,1170.050048828125,1181.699951171875,1161.699951171875,1166.0,193079,HCLTECH,BSE,yfinance,1d
2022-03-31,1169.050048828125,1174.4000244140625,1161.0,1163.3499755859375,243962,HCLTECH,BSE,yfinance,1d
2022-04-01,1163.3499755859375,1174.449951171875,1153.0,1169.050048828125,95677,HCLTECH,BSE,yfinance,1d
2022-04-04,1181.5,1188.949951171875,1168.800048828125,1187.4000244140625,106048,HCLTECH,BSE,yfinance,1d
2022-04-05,1191.449951171875,1203.0,1183.8499755859375,1195.5999755859375,192837,HCLTECH,BSE,yfinance,1d
2022-04-06,1193.0,1194.8499755859375,1167.5,1170.800048828125,192231,HCLTECH,BSE,yfinance,1d
2022-04-07,1167.0,1180.5,1162.8499755859375,1173.25,93673,HCLTECH,BSE,yfinance,1d
2022-04-08,1180.0,1180.050048828125,1162.6500244140625,1165.6500244140625,161361,HCLTECH,BSE,yfinance,1d
2022-04-11,1165.0,1165.0,1132.050048828125,1133.800048828125,410271,HCLTECH,BSE,yfinance,1d
2022-04-12,1125.0,1141.5,1119.800048828125,1131.25,298504,HCLTECH,BSE,yfinance,1d
2022-04-13,1133.0999755859375,1143.0999755859375,1123.0,1125.0999755859375,277315,HCLTECH,BSE,yfinance,1d
2022-04-18,1112.0,1112.75,1085.050048828125,1102.75,406301,HCLTECH,BSE,yfinance,1d
2022-04-19,1112.800048828125,1114.050048828125,1060.0,1071.0999755859375,263945,HCLTECH,BSE,yfinance,1d
2022-04-20,1074.0,1094.9000244140625,1064.050048828125,1089.550048828125,104791,HCLTECH,BSE,yfinance,1d
2022-04-21,1099.0,1105.0,1081.300048828125,1099.5999755859375,112635,HCLTECH,BSE,yfinance,1d
2022-04-22,1090.0,1135.0,1083.550048828125,1101.800048828125,444194,HCLTECH,BSE,yfinance,1d
2022-04-25,1101.75,1101.75,1077.75,1090.5,211539,HCLTECH,BSE,yfinance,1d
2022-04-26,1099.0,1106.199951171875,1085.1500244140625,1094.0999755859375,279854,HCLTECH,BSE,yfinance,1d
2022-04-27,1090.0,1099.5999755859375,1074.550048828125,1096.0,153376,HCLTECH,BSE,yfinance,1d
2022-04-28,1093.0,1102.1500244140625,1073.449951171875,1092.6500244140625,213606,HCLTECH,BSE,yfinance,1d
2022-04-29,1092.6500244140625,1100.25,1075.0,1078.949951171875,183794,HCLTECH,BSE,yfinance,1d
2022-05-02,1077.9000244140625,1081.5,1062.0999755859375,1067.5999755859375,165375,HCLTECH,BSE,yfinance,1d
2022-05-04,1072.199951171875,1075.800048828125,1036.25,1044.199951171875,1581336,HCLTECH,BSE,yfinance,1d
2022-05-05,1056.0,1075.0,1047.0,1071.949951171875,113177,HCLTECH,BSE,yfinance,1d
2022-05-06,1060.9000244140625,1060.9000244140625,1029.4000244140625,1050.1500244140625,94704,HCLTECH,BSE,yfinance,1d
2022-05-09,1048.0,1083.949951171875,1034.8499755859375,1075.75,349649,HCLTECH,BSE,yfinance,1d
2022-05-10,1075.0,1085.0,1067.6500244140625,1072.300048828125,185013,HCLTECH,BSE,yfinance,1d
2022-05-11,1065.0,1079.300048828125,1054.25,1060.1500244140625,345454,HCLTECH,BSE,yfinance,1d
2022-05-12,1056.5999755859375,1070.449951171875,1044.0,1058.6500244140625,98623,HCLTECH,BSE,yfinance,1d
2022-05-13,1077.75,1077.949951171875,1046.5999755859375,1054.3499755859375,219524,HCLTECH,BSE,yfinance,1d
2022-05-16,1055.0,1067.0,1040.0,1043.8499755859375,107000,HCLTECH,BSE,yfinance,1d
2022-05-17,1062.0,1086.050048828125,1045.949951171875,1083.25,215093,HCLTECH,BSE,yfinance,1d
2022-05-18,1085.0999755859375,1097.0,1071.699951171875,1073.949951171875,101218,HCLTECH,BSE,yfinance,1d
2022-05-19,1048.0,1057.3499755859375,1004.2999877929688,1009.4500122070312,228876,HCLTECH,BSE,yfinance,1d
2022-05-20,1021.9000244140625,1034.4000244140625,1016.9000244140625,1028.5999755859375,109114,HCLTECH,BSE,yfinance,1d
2022-05-23,1034.0,1036.449951171875,1015.0,1018.1500244140625,45326,HCLTECH,BSE,yfinance,1d
2022-05-24,1018.1500244140625,1019.4500122070312,987.0,991.9500122070312,64407,HCLTECH,BSE,yfinance,1d
2022-05-25,991.9500122070312,993.5,963.4500122070312,974.4000244140625,121953,HCLTECH,BSE,yfinance,1d
2022-05-26,975.0,986.0,969.0999755859375,981.0999755859375,60832,HCLTECH,BSE,yfinance,1d
2022-05-27,988.0,1010.4500122070312,988.0,1003.9000244140625,117787,HCLTECH,BSE,yfinance,1d
2022-05-30,1019.0,1053.4000244140625,1015.7000122070312,1039.699951171875,168422,HCLTECH,BSE,yfinance,1d
2022-05-31,1050.0,1050.0,1020.75,1040.300048828125,67034,HCLTECH,BSE,yfinance,1d
2022-06-01,1049.0,1049.0,1012.0,1018.5,139083,HCLTECH,BSE,yfinance,1d
2022-06-02,1018.0,1048.550048828125,1007.3499755859375,1039.6500244140625,103337,HCLTECH,BSE,yfinance,1d
2022-06-03,1054.0,1069.5999755859375,1040.050048828125,1042.5999755859375,61445,HCLTECH,BSE,yfinance,1d
2022-06-06,1035.0,1046.9000244140625,1021.4000244140625,1037.300048828125,40958,HCLTECH,BSE,yfinance,1d
2022-06-07,1035.0,1035.0,1013.25,1022.9000244140625,64041,HCLTECH,BSE,yfinance,1d
2022-06-08,1029.800048828125,1033.8499755859375,1016.0499877929688,1030.4000244140625,44266,HCLTECH,BSE,yfinance,1d
2022-06-09,1022.2000122070312,1031.5,1011.75,1028.4000244140625,48836,HCLTECH,BSE,yfinance,1d
2022-06-10,1020.7999877929688,1022.3499755859375,1008.3499755859375,1016.2999877929688,35400,HCLTECH,BSE,yfinance,1d
2022-06-13,1000.0,1001.9500122070312,983.0,991.0,102354,HCLTECH,BSE,yfinance,1d
2022-06-14,988.0,1000.9000244140625,977.9500122070312,996.5999755859375,47608,HCLTECH,BSE,yfinance,1d
2022-06-15,1004.0,1006.75,988.0499877929688,990.2999877929688,809298,HCLTECH,BSE,yfinance,1d
2022-06-16,1002.1500244140625,1003.7000122070312,961.75,965.0999755859375,89884,HCLTECH,BSE,yfinance,1d
2022-06-17,955.0,962.5499877929688,944.3499755859375,959.25,117556,HCLTECH,BSE,yfinance,1d
2022-06-20,959.25,966.0,952.2000122070312,960.3499755859375,75826,HCLTECH,BSE,yfinance,1d
2022-06-21,965.2999877929688,999.6500244140625,963.7999877929688,987.3499755859375,88007,HCLTECH,BSE,yfinance,1d
2022-06-22,980.0,980.0,959.0499877929688,961.5999755859375,66732,HCLTECH,BSE,yfinance,1d
2022-06-23,961.5999755859375,977.6500244140625,959.0,971.4500122070312,85433,HCLTECH,BSE,yfinance,1d
2022-06-24,982.0,984.1500244140625,960.0,966.5499877929688,73597,HCLTECH,BSE,yfinance,1d
2022-06-27,980.0,1006.4500122070312,980.0,991.7999877929688,81486,HCLTECH,BSE,yfinance,1d
2022-06-28,991.7999877929688,1007.5499877929688,983.5,1002.5499877929688,35970,HCLTECH,BSE,yfinance,1d
2022-06-29,981.0,1000.0,981.0,988.2999877929688,155175,HCLTECH,BSE,yfinance,1d
2022-06-30,986.3499755859375,996.3499755859375,970.2999877929688,973.0499877929688,259201,HCLTECH,BSE,yfinance,1d
2022-07-01,970.0,981.75,964.4000244140625,976.3499755859375,48592,HCLTECH,BSE,yfinance,1d
2022-07-04,976.7000122070312,989.5499877929688,973.4000244140625,984.5499877929688,115964,HCLTECH,BSE,yfinance,1d
2022-07-05,987.0,1002.0,979.0999755859375,982.0999755859375,44375,HCLTECH,BSE,yfinance,1d
2022-07-06,980.75,998.6500244140625,980.75,986.6500244140625,35142,HCLTECH,BSE,yfinance,1d
2022-07-07,994.9500122070312,1000.8499755859375,985.0999755859375,988.5499877929688,150342,HCLTECH,BSE,yfinance,1d
2022-07-08,1005.0,1005.0,979.4500122070312,983.75,203864,HCLTECH,BSE,yfinance,1d
2022-07-11,975.1500244140625,978.9000244140625,940.25,943.4000244140625,277776,HCLTECH,BSE,yfinance,1d
2022-07-12,937.0,948.5,925.0,928.0499877929688,276648,HCLTECH,BSE,yfinance,1d
2022-07-13,925.0999755859375,931.0,905.2000122070312,917.75,382890,HCLTECH,BSE,yfinance,1d
2022-07-14,921.0,926.1500244140625,892.5,903.7000122070312,198554,HCLTECH,BSE,yfinance,1d
2022-07-15,898.0,905.0,877.25,883.0999755859375,320200,HCLTECH,BSE,yfinance,1d
2022-07-18,898.0,907.4000244140625,889.0999755859375,900.2999877929688,1550791,HCLTECH,BSE,yfinance,1d
2022-07-19,890.9000244140625,897.5,885.0999755859375,890.0499877929688,487184,HCLTECH,BSE,yfinance,1d
2022-07-20,901.2000122070312,919.0,894.0,917.5,359494,HCLTECH,BSE,yfinance,1d
2022-07-21,922.0,926.9500122070312,913.7000122070312,924.4000244140625,451904,HCLTECH,BSE,yfinance,1d
2022-07-22,931.0,931.25,909.4000244140625,920.0,132783,HCLTECH,BSE,yfinance,1d
2022-07-25,919.9500122070312,932.0,914.6500244140625,930.3499755859375,121902,HCLTECH,BSE,yfinance,1d
2022-07-26,929.7000122070312,929.7000122070312,911.25,913.4500122070312,44697,HCLTECH,BSE,yfinance,1d
2022-07-27,914.9000244140625,929.5,911.0499877929688,928.1500244140625,51946,HCLTECH,BSE,yfinance,1d
2022-07-28,938.0,949.0,932.7999877929688,945.2999877929688,247391,HCLTECH,BSE,yfinance,1d
2022-07-29,953.0999755859375,965.3499755859375,947.0,948.75,63858,HCLTECH,BSE,yfinance,1d
2022-08-01,958.4500122070312,958.4500122070312,945.4000244140625,951.75,1564774,HCLTECH,BSE,yfinance,1d
2022-08-02,953.9000244140625,953.9500122070312,941.2999877929688,950.9500122070312,4617329,HCLTECH,BSE,yfinance,1d
2022-08-03,950.9500122070312,961.9500122070312,950.5999755859375,956.9500122070312,76399,HCLTECH,BSE,yfinance,1d
2022-08-04,968.0,969.9000244140625,946.7000122070312,958.2000122070312,71324,HCLTECH,BSE,yfinance,1d
2022-08-05,963.0,964.7999877929688,955.0,958.0499877929688,158409,HCLTECH,BSE,yfinance,1d
2022-08-08,953.0,968.0,949.2000122070312,966.0999755859375,302885,HCLTECH,BSE,yfinance,1d
2022-08-10,966.0999755859375,966.9500122070312,948.0499877929688,952.5,302720,HCLTECH,BSE,yfinance,1d
2022-08-11,964.7999877929688,968.2000122070312,958.9000244140625,962.0499877929688,255807,HCLTECH,BSE,yfinance,1d
2022-08-12,962.0999755859375,963.0,953.7999877929688,956.0499877929688,127336,HCLTECH,BSE,yfinance,1d
2022-08-16,966.0,968.75,952.9500122070312,959.0,856846,HCLTECH,BSE,yfinance,1d
2022-08-17,962.0,982.5999755859375,955.5,980.25,238252,HCLTECH,BSE,yfinance,1d
2022-08-18,983.0,983.0499877929688,968.4000244140625,973.8499755859375,123316,HCLTECH,BSE,yfinance,1d
2022-08-19,973.8499755859375,987.0,966.25,969.4500122070312,253175,HCLTECH,BSE,yfinance,1d
2022-08-22,966.0,969.7999877929688,955.2999877929688,959.6500244140625,185892,HCLTECH,BSE,yfinance,1d
2022-08-23,949.0,951.4500122070312,938.75,947.6500244140625,167529,HCLTECH,BSE,yfinance,1d
2022-08-24,947.6500244140625,953.5999755859375,944.5,949.4500122070312,182531,HCLTECH,BSE,yfinance,1d
2022-08-25,951.0,955.5,943.0,943.7000122070312,176499,HCLTECH,BSE,yfinance,1d
2022-08-26,951.0,956.0,944.0,945.7999877929688,36080,HCLTECH,BSE,yfinance,1d
2022-08-29,875.6500244140625,922.0,875.6500244140625,917.6500244140625,253216,HCLTECH,BSE,yfinance,1d
2022-08-30,924.75,945.0,922.6500244140625,939.3499755859375,129344,HCLTECH,BSE,yfinance,1d
2022-09-01,921.0,931.0,917.0,926.0,185988,HCLTECH,BSE,yfinance,1d
2022-09-02,934.9000244140625,934.9000244140625,919.7999877929688,924.0999755859375,37676,HCLTECH,BSE,yfinance,1d
2022-09-05,924.0,942.0,923.7999877929688,935.9000244140625,67989,HCLTECH,BSE,yfinance,1d
2022-09-06,931.1500244140625,942.7999877929688,927.0,937.8499755859375,117384,HCLTECH,BSE,yfinance,1d
2022-09-07,929.0,932.7000122070312,923.3499755859375,931.75,167295,HCLTECH,BSE,yfinance,1d
2022-09-08,937.7999877929688,940.2999877929688,928.2000122070312,931.0999755859375,209633,HCLTECH,BSE,yfinance,1d
2022-09-09,936.0,953.0,934.3499755859375,948.7999877929688,203752,HCLTECH,BSE,yfinance,1d
2022-09-12,952.0,963.5,952.0,955.5499877929688,314055,HCLTECH,BSE,yfinance,1d
2022-09-13,955.5499877929688,959.7999877929688,950.4500122070312,955.5999755859375,223242,HCLTECH,BSE,yfinance,1d
2022-09-14,934.0,938.2000122070312,926.5499877929688,932.2999877929688,177300,HCLTECH,BSE,yfinance,1d
2022-09-15,935.0,936.7000122070312,916.2999877929688,919.9000244140625,234461,HCLTECH,BSE,yfinance,1d
2022-09-16,913.0999755859375,917.5,893.0,897.9500122070312,208009,HCLTECH,BSE,yfinance,1d
2022-09-19,895.5499877929688,906.9000244140625,887.5,897.7999877929688,1141330,HCLTECH,BSE,yfinance,1d
2022-09-20,908.0,920.7999877929688,903.7999877929688,914.0,96049,HCLTECH,BSE,yfinance,1d
2022-09-21,905.0,913.5,899.0999755859375,901.0999755859375,92134,HCLTECH,BSE,yfinance,1d
2022-09-22,899.0,905.1500244140625,888.6500244140625,897.8499755859375,128610,HCLTECH,BSE,yfinance,1d
2022-09-23,895.0,912.5999755859375,892.0,895.4000244140625,142199,HCLTECH,BSE,yfinance,1d
2022-09-26,890.0,917.0,882.2000122070312,906.9000244140625,98250,HCLTECH,BSE,yfinance,1d
2022-09-27,908.1500244140625,920.9000244140625,908.0,918.25,398821,HCLTECH,BSE,yfinance,1d
2022-09-28,917.0,926.9000244140625,912.0,922.7999877929688,271537,HCLTECH,BSE,yfinance,1d
2022-09-29,922.8499755859375,930.6500244140625,917.0,922.6500244140625,155331,HCLTECH,BSE,yfinance,1d
2022-09-30,916.3499755859375,935.5999755859375,910.7000122070312,932.5499877929688,253233,HCLTECH,BSE,yfinance,1d
2022-10-03,930.0,932.75,916.0,930.6500244140625,143349,HCLTECH,BSE,yfinance,1d
2022-10-04,940.0,950.9000244140625,936.8499755859375,945.7000122070312,62435,HCLTECH,BSE,yfinance,1d
2022-10-06,951.5,967.5,951.5,964.4500122070312,52955,HCLTECH,BSE,yfinance,1d
2022-10-07,964.0,972.8499755859375,954.7999877929688,957.4000244140625,71612,HCLTECH,BSE,yfinance,1d
2022-10-10,939.0499877929688,966.9500122070312,939.0499877929688,962.4000244140625,57681,HCLTECH,BSE,yfinance,1d
2022-10-11,964.2000122070312,971.7999877929688,936.1500244140625,938.5999755859375,1427791,HCLTECH,BSE,yfinance,1d
2022-10-12,948.7000122070312,963.7999877929688,945.4000244140625,951.6500244140625,168029,HCLTECH,BSE,yfinance,1d
2022-10-13,975.0,987.75,969.4000244140625,982.0499877929688,247314,HCLTECH,BSE,yfinance,1d
2022-10-14,1001.0,1023.0,994.0999755859375,1002.4500122070312,192684,HCLTECH,BSE,yfinance,1d
2022-10-17,1003.0,1006.5,991.5999755859375,994.75,46840,HCLTECH,BSE,yfinance,1d
2022-10-18,1000.4500122070312,1013.5,1000.0,1009.5999755859375,69639,HCLTECH,BSE,yfinance,1d
2022-10-19,1005.3499755859375,1005.3499755859375,994.0,995.4000244140625,59623,HCLTECH,BSE,yfinance,1d
2022-10-20,986.0999755859375,1019.0,986.0999755859375,1017.4500122070312,70255,HCLTECH,BSE,yfinance,1d
2022-10-21,1018.5,1029.5999755859375,1011.2000122070312,1026.9000244140625,150037,HCLTECH,BSE,yfinance,1d
2022-10-24,1031.0,1037.949951171875,1030.25,1031.9000244140625,13838,HCLTECH,BSE,yfinance,1d
2022-10-25,1032.9000244140625,1037.0,1020.8499755859375,1027.300048828125,150950,HCLTECH,BSE,yfinance,1d
2022-10-27,1027.300048828125,1037.0,1019.75,1031.8499755859375,128574,HCLTECH,BSE,yfinance,1d
2022-10-28,1027.0999755859375,1040.0,1025.8499755859375,1029.550048828125,34196,HCLTECH,BSE,yfinance,1d
2022-10-31,1033.0,1052.300048828125,1033.0,1041.5999755859375,165433,HCLTECH,BSE,yfinance,1d
2022-11-01,1045.300048828125,1061.1500244140625,1044.75,1059.699951171875,148805,HCLTECH,BSE,yfinance,1d
2022-11-02,1059.0999755859375,1066.4000244140625,1042.300048828125,1044.6500244140625,39842,HCLTECH,BSE,yfinance,1d
2022-11-03,1030.0,1048.699951171875,1029.949951171875,1044.800048828125,1824665,HCLTECH,BSE,yfinance,1d
2022-11-04,1041.800048828125,1049.050048828125,1033.300048828125,1045.800048828125,260768,HCLTECH,BSE,yfinance,1d
2022-11-07,1042.800048828125,1055.699951171875,1038.5999755859375,1047.050048828125,69268,HCLTECH,BSE,yfinance,1d
2022-11-09,1058.0,1061.6500244140625,1049.25,1052.9000244140625,26046,HCLTECH,BSE,yfinance,1d
2022-11-10,1051.5,1062.0,1047.300048828125,1052.75,30661,HCLTECH,BSE,yfinance,1d
2022-11-11,1070.199951171875,1098.550048828125,1069.550048828125,1090.25,287226,HCLTECH,BSE,yfinance,1d
2022-11-14,1098.0,1102.550048828125,1089.800048828125,1098.5,42372,HCLTECH,BSE,yfinance,1d
2022-11-15,1090.1500244140625,1106.0,1088.9000244140625,1103.550048828125,126675,HCLTECH,BSE,yfinance,1d
2022-11-16,1104.9000244140625,1112.6500244140625,1099.5,1105.300048828125,59157,HCLTECH,BSE,yfinance,1d
2022-11-17,1097.0,1099.949951171875,1089.9000244140625,1092.8499755859375,138220,HCLTECH,BSE,yfinance,1d
2022-11-18,1095.0,1105.9000244140625,1083.9000244140625,1101.300048828125,186027,HCLTECH,BSE,yfinance,1d
2022-11-21,1100.0,1105.6500244140625,1093.0999755859375,1095.8499755859375,124794,HCLTECH,BSE,yfinance,1d
2022-11-22,1088.050048828125,1106.0,1088.050048828125,1103.800048828125,153683,HCLTECH,BSE,yfinance,1d
2022-11-23,1110.0,1111.4000244140625,1099.3499755859375,1102.4000244140625,98247,HCLTECH,BSE,yfinance,1d
2022-11-24,1097.050048828125,1134.949951171875,1097.050048828125,1130.9000244140625,100583,HCLTECH,BSE,yfinance,1d
2022-11-25,1130.050048828125,1137.050048828125,1120.300048828125,1127.8499755859375,131555,HCLTECH,BSE,yfinance,1d
2022-11-28,1121.050048828125,1132.1500244140625,1116.550048828125,1119.0,76925,HCLTECH,BSE,yfinance,1d
2022-11-29,1115.0,1138.5,1115.0,1128.0999755859375,121829,HCLTECH,BSE,yfinance,1d
2022-11-30,1129.949951171875,1129.949951171875,1116.75,1120.75,102501,HCLTECH,BSE,yfinance,1d
2022-12-01,1128.4000244140625,1150.5,1128.4000244140625,1136.050048828125,67441,HCLTECH,BSE,yfinance,1d
2022-12-02,1130.050048828125,1140.0,1123.4000244140625,1134.6500244140625,25757,HCLTECH,BSE,yfinance,1d
2022-12-05,1134.6500244140625,1140.050048828125,1127.25,1131.1500244140625,54395,HCLTECH,BSE,yfinance,1d
2022-12-06,1116.050048828125,1123.8499755859375,1107.0,1120.8499755859375,72378,HCLTECH,BSE,yfinance,1d
2022-12-07,1110.1500244140625,1115.800048828125,1102.0,1105.4000244140625,76092,HCLTECH,BSE,yfinance,1d
2022-12-08,1110.199951171875,1112.8499755859375,1098.4000244140625,1101.25,23229,HCLTECH,BSE,yfinance,1d
2022-12-09,1077.0,1077.0,1020.7000122070312,1027.300048828125,278169,HCLTECH,BSE,yfinance,1d
2022-12-12,1026.0,1038.9000244140625,1012.0499877929688,1028.300048828125,88607,HCLTECH,BSE,yfinance,1d
2022-12-13,1031.0,1046.199951171875,1031.0,1044.75,59436,HCLTECH,BSE,yfinance,1d
2022-12-14,1042.050048828125,1056.9000244140625,1042.050048828125,1055.949951171875,160272,HCLTECH,BSE,yfinance,1d
2022-12-15,1054.949951171875,1054.949951171875,1037.0999755859375,1042.300048828125,35873,HCLTECH,BSE,yfinance,1d
2022-12-16,1030.0,1046.0,1023.0,1030.1500244140625,45562,HCLTECH,BSE,yfinance,1d
2022-12-19,1027.0999755859375,1037.25,1023.5999755859375,1033.25,148164,HCLTECH,BSE,yfinance,1d
2022-12-20,1023.5499877929688,1032.0,1011.5999755859375,1029.8499755859375,103938,HCLTECH,BSE,yfinance,1d
2022-12-21,1035.0,1053.0,1035.0,1040.199951171875,253431,HCLTECH,BSE,yfinance,1d
2022-12-22,1042.0,1054.0999755859375,1033.300048828125,1038.6500244140625,61133,HCLTECH,BSE,yfinance,1d
2022-12-23,1023.0499877929688,1043.8499755859375,1023.0499877929688,1030.75,94893,HCLTECH,BSE,yfinance,1d
2022-12-26,1029.050048828125,1041.25,1029.050048828125,1031.25,52145,HCLTECH,BSE,yfinance,1d
2022-12-27,1039.949951171875,1040.3499755859375,1030.3499755859375,1036.449951171875,16951,HCLTECH,BSE,yfinance,1d
2022-12-28,1029.0,1038.4000244140625,1026.5,1035.3499755859375,33200,HCLTECH,BSE,yfinance,1d
2022-12-29,1030.0,1046.8499755859375,1028.8499755859375,1044.5,20686,HCLTECH,BSE,yfinance,1d
2022-12-30,1045.199951171875,1055.25,1034.5999755859375,1039.0,64346,HCLTECH,BSE,yfinance,1d
2023-01-02,1039.0,1042.5,1031.5999755859375,1039.199951171875,14067,HCLTECH,BSE,yfinance,1d
2023-01-03,1035.0,1045.449951171875,1033.5999755859375,1041.1500244140625,32120,HCLTECH,BSE,yfinance,1d
2023-01-04,1039.949951171875,1042.199951171875,1031.4000244140625,1036.0999755859375,12585,HCLTECH,BSE,yfinance,1d
2023-01-05,1036.550048828125,1049.5999755859375,1033.8499755859375,1043.800048828125,24466,HCLTECH,BSE,yfinance,1d
2023-01-06,1037.5,1047.9000244140625,1025.0,1032.800048828125,23465,HCLTECH,BSE,yfinance,1d
2023-01-09,1042.1500244140625,1070.800048828125,1040.050048828125,1067.5999755859375,120485,HCLTECH,BSE,yfinance,1d
2023-01-10,1069.9000244140625,1074.0,1056.0999755859375,1065.050048828125,62288,HCLTECH,BSE,yfinance,1d
2023-01-11,1066.25,1079.699951171875,1050.5999755859375,1054.800048828125,75354,HCLTECH,BSE,yfinance,1d
2023-01-12,1061.0,1074.4000244140625,1061.0,1071.9000244140625,95226,HCLTECH,BSE,yfinance,1d
2023-01-13,1059.6500244140625,1083.5,1042.0,1077.949951171875,324224,HCLTECH,BSE,yfinance,1d
2023-01-16,1079.050048828125,1100.0,1078.8499755859375,1093.9000244140625,128860,HCLTECH,BSE,yfinance,1d
2023-01-17,1095.0,1114.0,1095.0,1111.0,120445,HCLTECH,BSE,yfinance,1d
2023-01-18,1111.0,1125.800048828125,1111.0,1114.050048828125,61543,HCLTECH,BSE,yfinance,1d
2023-01-19,1100.25,1113.050048828125,1100.0,1111.3499755859375,42018,HCLTECH,BSE,yfinance,1d
2023-01-20,1116.199951171875,1121.25,1107.0,1107.75,78534,HCLTECH,BSE,yfinance,1d
2023-01-23,1109.050048828125,1122.300048828125,1107.800048828125,1121.1500244140625,29362,HCLTECH,BSE,yfinance,1d
2023-01-24,1123.199951171875,1143.449951171875,1122.0,1137.6500244140625,133059,HCLTECH,BSE,yfinance,1d
2023-01-25,1137.0,1137.0,1117.0,1123.050048828125,67795,HCLTECH,BSE,yfinance,1d
2023-01-27,1115.5,1140.75,1105.0,1115.4000244140625,1320884,HCLTECH,BSE,yfinance,1d
2023-01-30,1110.050048828125,1139.9000244140625,1106.4000244140625,1134.75,42468,HCLTECH,BSE,yfinance,1d
2023-01-31,1135.0,1136.4000244140625,1113.0,1123.050048828125,130043,HCLTECH,BSE,yfinance,1d
2023-02-01,1135.25,1135.25,1114.300048828125,1131.800048828125,69905,HCLTECH,BSE,yfinance,1d
2023-02-02,1130.050048828125,1155.550048828125,1130.050048828125,1147.6500244140625,60144,HCLTECH,BSE,yfinance,1d
2023-02-03,1155.0,1156.800048828125,1138.9000244140625,1145.800048828125,35387,HCLTECH,BSE,yfinance,1d
2023-02-06,1135.0,1149.199951171875,1128.0999755859375,1146.3499755859375,27887,HCLTECH,BSE,yfinance,1d
2023-02-07,1146.5,1153.0,1126.0,1128.0999755859375,70733,HCLTECH,BSE,yfinance,1d
2023-02-08,1128.0999755859375,1149.0999755859375,1128.0999755859375,1145.0,34667,HCLTECH,BSE,yfinance,1d
2023-02-09,1137.050048828125,1151.699951171875,1137.050048828125,1146.300048828125,77023,HCLTECH,BSE,yfinance,1d
2023-02-10,1131.0,1131.050048828125,1108.550048828125,1114.3499755859375,82081,HCLTECH,BSE,yfinance,1d
2023-02-13,1117.050048828125,1120.6500244140625,1105.0,1113.300048828125,17831,HCLTECH,BSE,yfinance,1d
2023-02-14,1116.050048828125,1142.4000244140625,1116.050048828125,1124.199951171875,99769,HCLTECH,BSE,yfinance,1d
2023-02-15,1134.949951171875,1134.949951171875,1120.0,1133.050048828125,21344,HCLTECH,BSE,yfinance,1d
2023-02-16,1140.0,1152.0,1124.1500244140625,1127.300048828125,95583,HCLTECH,BSE,yfinance,1d
2023-02-17,1125.949951171875,1125.949951171875,1107.050048828125,1110.0,40696,HCLTECH,BSE,yfinance,1d
2023-02-20,1106.0999755859375,1134.5,1106.0999755859375,1115.199951171875,104238,HCLTECH,BSE,yfinance,1d
2023-02-21,1117.0999755859375,1122.1500244140625,1103.199951171875,1105.550048828125,18157,HCLTECH,BSE,yfinance,1d
2023-02-22,1097.0,1105.699951171875,1090.300048828125,1092.449951171875,62590,HCLTECH,BSE,yfinance,1d
2023-02-23,1098.1500244140625,1111.6500244140625,1092.6500244140625,1094.75,29090,HCLTECH,BSE,yfinance,1d
2023-02-24,1094.0,1104.0,1082.0,1094.699951171875,39168,HCLTECH,BSE,yfinance,1d
2023-02-27,1093.949951171875,1093.949951171875,1076.3499755859375,1083.800048828125,22974,HCLTECH,BSE,yfinance,1d
2023-02-28,1077.050048828125,1096.4000244140625,1068.8499755859375,1077.550048828125,104109,HCLTECH,BSE,yfinance,1d
2023-03-01,1077.550048828125,1103.949951171875,1077.550048828125,1101.199951171875,21991,HCLTECH,BSE,yfinance,1d
2023-03-02,1090.199951171875,1116.9000244140625,1090.199951171875,1106.550048828125,53406,HCLTECH,BSE,yfinance,1d
2023-03-03,1108.949951171875,1129.449951171875,1108.949951171875,1119.1500244140625,72563,HCLTECH,BSE,yfinance,1d
2023-03-06,1125.050048828125,1148.0,1123.550048828125,1126.5,84265,HCLTECH,BSE,yfinance,1d
2023-03-08,1112.0,1123.3499755859375,1107.449951171875,1120.75,35110,HCLTECH,BSE,yfinance,1d
2023-03-09,1123.0,1126.449951171875,1114.0999755859375,1116.949951171875,83227,HCLTECH,BSE,yfinance,1d
2023-03-10,1102.0,1117.6500244140625,1102.0,1116.9000244140625,69641,HCLTECH,BSE,yfinance,1d
2023-03-13,1111.5999755859375,1133.4000244140625,1094.550048828125,1098.75,64431,HCLTECH,BSE,yfinance,1d
2023-03-14,1098.0999755859375,1103.0,1065.800048828125,1084.050048828125,233925,HCLTECH,BSE,yfinance,1d
2023-03-15,1090.050048828125,1097.0999755859375,1075.4000244140625,1079.699951171875,37932,HCLTECH,BSE,yfinance,1d
2023-03-16,1079.1500244140625,1087.0,1069.449951171875,1072.0999755859375,62548,HCLTECH,BSE,yfinance,1d
2023-03-17,1077.5,1117.0,1077.5,1108.25,73683,HCLTECH,BSE,yfinance,1d
2023-03-20,1100.0,1107.300048828125,1086.0999755859375,1091.5,23581,HCLTECH,BSE,yfinance,1d
2023-03-21,1100.0,1102.1500244140625,1077.5999755859375,1084.0,38604,HCLTECH,BSE,yfinance,1d
2023-03-22,1084.050048828125,1105.4000244140625,1079.050048828125,1081.199951171875,35705,HCLTECH,BSE,yfinance,1d
2023-03-23,1080.949951171875,1080.949951171875,1061.5999755859375,1066.050048828125,33810,HCLTECH,BSE,yfinance,1d
2023-03-24,1077.75,1086.699951171875,1047.0,1051.550048828125,67723,HCLTECH,BSE,yfinance,1d
2023-03-27,1051.550048828125,1065.0,1045.0,1053.699951171875,23785,HCLTECH,BSE,yfinance,1d
2023-03-28,1053.699951171875,1063.6500244140625,1037.949951171875,1040.4000244140625,45276,HCLTECH,BSE,yfinance,1d
2023-03-29,1041.5,1070.0,1041.5,1066.9000244140625,27788,HCLTECH,BSE,yfinance,1d
2023-03-31,1075.0,1096.800048828125,1072.0,1086.199951171875,36149,HCLTECH,BSE,yfinance,1d
2023-04-03,1087.050048828125,1099.0,1087.050048828125,1098.4000244140625,66371,HCLTECH,BSE,yfinance,1d
2023-04-05,1078.199951171875,1112.300048828125,1076.300048828125,1111.0,73205,HCLTECH,BSE,yfinance,1d
2023-04-06,1113.9000244140625,1113.9000244140625,1085.699951171875,1091.75,34336,HCLTECH,BSE,yfinance,1d
2023-04-10,1091.0,1104.9000244140625,1091.0,1103.0999755859375,60913,HCLTECH,BSE,yfinance,1d
2023-04-11,1102.550048828125,1109.699951171875,1084.3499755859375,1086.949951171875,141714,HCLTECH,BSE,yfinance,1d
2023-04-12,1090.300048828125,1097.300048828125,1080.0,1094.699951171875,21732,HCLTECH,BSE,yfinance,1d
2023-04-13,1089.0,1089.0,1063.4000244140625,1071.8499755859375,76426,HCLTECH,BSE,yfinance,1d
2023-04-17,1058.0,1058.0,1016.4500122070312,1042.699951171875,217077,HCLTECH,BSE,yfinance,1d
2023-04-18,1046.0,1065.9000244140625,1045.0999755859375,1063.5,78986,HCLTECH,BSE,yfinance,1d
2023-04-19,1073.0,1073.449951171875,1036.5,1038.0,154556,HCLTECH,BSE,yfinance,1d
2023-04-20,1040.0,1047.199951171875,1032.1500244140625,1037.550048828125,48683,HCLTECH,BSE,yfinance,1d
2023-04-21,1052.0,1073.8499755859375,1037.75,1048.9000244140625,256854,HCLTECH,BSE,yfinance,1d
2023-04-24,1055.0,1058.6500244140625,1046.449951171875,1053.9000244140625,89701,HCLTECH,BSE,yfinance,1d
2023-04-25,1057.5,1058.6500244140625,1045.0,1053.800048828125,68799,HCLTECH,BSE,yfinance,1d
2023-04-26,1051.0999755859375,1066.75,1051.0999755859375,1065.449951171875,67992,HCLTECH,BSE,yfinance,1d
2023-04-27,1065.550048828125,1072.949951171875,1061.4000244140625,1071.0,28189,HCLTECH,BSE,yfinance,1d
2023-04-28,1056.0,1068.0,1054.0,1063.6500244140625,30231,HCLTECH,BSE,yfinance,1d
2023-05-02,1064.300048828125,1074.8499755859375,1063.6500244140625,1066.4000244140625,28490,HCLTECH,BSE,yfinance,1d
2023-05-03,1061.0,1065.25,1055.0,1059.25,40721,HCLTECH,BSE,yfinance,1d
2023-05-04,1059.25,1067.9000244140625,1048.0,1066.4000244140625,99684,HCLTECH,BSE,yfinance,1d
2023-05-05,1064.949951171875,1069.800048828125,1052.4000244140625,1055.449951171875,15703,HCLTECH,BSE,yfinance,1d
2023-05-08,1063.949951171875,1077.0,1055.449951171875,1075.4000244140625,143057,HCLTECH,BSE,yfinance,1d
2023-05-09,1070.0,1082.5999755859375,1066.9000244140625,1078.800048828125,150056,HCLTECH,BSE,yfinance,1d
2023-05-10,1080.0,1088.949951171875,1072.050048828125,1078.1500244140625,94110,HCLTECH,BSE,yfinance,1d
2023-05-11,1085.0,1092.4000244140625,1081.0,1088.199951171875,148704,HCLTECH,BSE,yfinance,1d
2023-05-12,1081.050048828125,1102.949951171875,1076.5999755859375,1095.550048828125,71697,HCLTECH,BSE,yfinance,1d
2023-05-15,1096.050048828125,1105.75,1092.75,1101.300048828125,89142,HCLTECH,BSE,yfinance,1d
2023-05-16,1101.300048828125,1105.1500244140625,1088.25,1091.0,94832,HCLTECH,BSE,yfinance,1d
2023-05-17,1083.6500244140625,1092.300048828125,1063.0,1074.6500244140625,370042,HCLTECH,BSE,yfinance,1d
2023-05-18,1076.550048828125,1084.6500244140625,1072.9000244140625,1079.8499755859375,90181,HCLTECH,BSE,yfinance,1d
2023-05-19,1081.050048828125,1103.5999755859375,1081.050048828125,1095.550048828125,49820,HCLTECH,BSE,yfinance,1d
2023-05-22,1091.050048828125,1121.5,1089.0999755859375,1119.4000244140625,101262,HCLTECH,BSE,yfinance,1d
2023-05-23,1124.75,1131.449951171875,1104.0,1107.449951171875,104521,HCLTECH,BSE,yfinance,1d
2023-05-24,1102.9000244140625,1115.199951171875,1098.050048828125,1112.8499755859375,120290,HCLTECH,BSE,yfinance,1d
2023-05-25,1111.1500244140625,1118.0,1103.0,1116.0999755859375,42040,HCLTECH,BSE,yfinance,1d
2023-05-26,1108.050048828125,1139.949951171875,1108.050048828125,1138.5999755859375,116089,HCLTECH,BSE,yfinance,1d
2023-05-29,1140.050048828125,1147.699951171875,1124.6500244140625,1126.199951171875,29866,HCLTECH,BSE,yfinance,1d
2023-05-30,1129.0,1143.4000244140625,1128.0,1135.699951171875,56519,HCLTECH,BSE,yfinance,1d
2023-05-31,1131.050048828125,1153.3499755859375,1131.050048828125,1145.5999755859375,33336,HCLTECH,BSE,yfinance,1d
2023-06-01,1145.699951171875,1155.1500244140625,1138.0,1141.199951171875,37853,HCLTECH,BSE,yfinance,1d
2023-06-02,1145.050048828125,1150.9000244140625,1131.550048828125,1136.9000244140625,17336,HCLTECH,BSE,yfinance,1d
2023-06-05,1149.949951171875,1149.949951171875,1136.8499755859375,1138.25,18193,HCLTECH,BSE,yfinance,1d
2023-06-06,1135.0,1135.0,1114.0,1128.949951171875,81835,HCLTECH,BSE,yfinance,1d
2023-06-07,1130.5999755859375,1133.1500244140625,1116.550048828125,1128.9000244140625,146706,HCLTECH,BSE,yfinance,1d
2023-06-08,1130.0,1130.0,1118.050048828125,1127.0,51542,HCLTECH,BSE,yfinance,1d
2023-06-09,1125.0,1131.199951171875,1106.800048828125,1110.300048828125,101362,HCLTECH,BSE,yfinance,1d
2023-06-12,1110.3499755859375,1140.75,1110.3499755859375,1139.5,88569,HCLTECH,BSE,yfinance,1d
2023-06-13,1146.949951171875,1146.949951171875,1129.5999755859375,1132.9000244140625,46004,HCLTECH,BSE,yfinance,1d
2023-06-14,1140.0,1140.0,1125.8499755859375,1135.699951171875,44480,HCLTECH,BSE,yfinance,1d
2023-06-15,1138.050048828125,1147.0,1136.5,1143.699951171875,29189,HCLTECH,BSE,yfinance,1d
2023-06-16,1148.75,1154.0,1132.5,1149.0,95549,HCLTECH,BSE,yfinance,1d
2023-06-19,1149.9000244140625,1153.699951171875,1135.25,1137.550048828125,45633,HCLTECH,BSE,yfinance,1d
2023-06-20,1130.1500244140625,1170.0,1130.1500244140625,1168.199951171875,151280,HCLTECH,BSE,yfinance,1d
2023-06-21,1175.0,1175.0,1161.699951171875,1170.1500244140625,39973,HCLTECH,BSE,yfinance,1d
2023-06-22,1173.949951171875,1173.949951171875,1159.0,1163.300048828125,17496,HCLTECH,BSE,yfinance,1d
2023-06-23,1158.050048828125,1170.0,1151.1500244140625,1165.25,29909,HCLTECH,BSE,yfinance,1d
2023-06-26,1165.050048828125,1175.6500244140625,1163.0,1166.949951171875,55179,HCLTECH,BSE,yfinance,1d
2023-06-27,1158.550048828125,1174.1500244140625,1158.550048828125,1170.449951171875,25078,HCLTECH,BSE,yfinance,1d
2023-06-28,1171.0,1174.0,1166.300048828125,1169.949951171875,63650,HCLTECH,BSE,yfinance,1d
2023-06-30,1172.0,1194.0999755859375,1164.800048828125,1187.8499755859375,56483,HCLTECH,BSE,yfinance,1d
2023-07-03,1190.0,1194.9000244140625,1174.4000244140625,1181.5,23549,HCLTECH,BSE,yfinance,1d
2023-07-04,1180.050048828125,1192.9000244140625,1178.8499755859375,1190.300048828125,21940,HCLTECH,BSE,yfinance,1d
2023-07-05,1190.550048828125,1202.699951171875,1187.6500244140625,1195.050048828125,41214,HCLTECH,BSE,yfinance,1d
2023-07-06,1199.8499755859375,1199.8499755859375,1175.0,1180.4000244140625,63601,HCLTECH,BSE,yfinance,1d
2023-07-07,1180.4000244140625,1182.9000244140625,1153.4000244140625,1157.050048828125,62259,HCLTECH,BSE,yfinance,1d
2023-07-10,1158.050048828125,1159.25,1121.0,1124.0999755859375,82138,HCLTECH,BSE,yfinance,1d
2023-07-11,1127.050048828125,1130.050048828125,1112.0999755859375,1114.699951171875,60184,HCLTECH,BSE,yfinance,1d
2023-07-12,1117.050048828125,1124.1500244140625,1103.0,1110.050048828125,73211,HCLTECH,BSE,yfinance,1d
2023-07-13,1096.0,1124.699951171875,1087.75,1109.199951171875,193089,HCLTECH,BSE,yfinance,1d
2023-07-14,1111.050048828125,1156.949951171875,1110.550048828125,1151.300048828125,286242,HCLTECH,BSE,yfinance,1d
2023-07-17,1150.0999755859375,1171.800048828125,1144.300048828125,1153.6500244140625,171389,HCLTECH,BSE,yfinance,1d
2023-07-18,1154.050048828125,1170.0,1147.1500244140625,1167.300048828125,50479,HCLTECH,BSE,yfinance,1d
2023-07-19,1167.0,1174.75,1156.6500244140625,1168.5,90410,HCLTECH,BSE,yfinance,1d
2023-07-20,1160.0,1161.8499755859375,1148.300048828125,1155.199951171875,41178,HCLTECH,BSE,yfinance,1d
2023-07-21,1112.949951171875,1140.0,1096.449951171875,1116.75,115627,HCLTECH,BSE,yfinance,1d
2023-07-24,1117.050048828125,1127.5,1111.1500244140625,1112.75,62025,HCLTECH,BSE,yfinance,1d
2023-07-25,1115.5999755859375,1117.550048828125,1105.3499755859375,1111.25,30955,HCLTECH,BSE,yfinance,1d
2023-07-26,1108.1500244140625,1120.5,1108.1500244140625,1114.8499755859375,19864,HCLTECH,BSE,yfinance,1d
2023-07-27,1112.050048828125,1122.75,1109.0,1117.449951171875,22723,HCLTECH,BSE,yfinance,1d
2023-07-28,1116.949951171875,1117.449951171875,1097.5,1103.25,78142,HCLTECH,BSE,yfinance,1d
2023-07-31,1103.550048828125,1119.25,1095.949951171875,1117.050048828125,27444,HCLTECH,BSE,yfinance,1d
2023-08-01,1117.0999755859375,1139.9000244140625,1112.0,1138.0999755859375,100294,HCLTECH,BSE,yfinance,1d
2023-08-02,1135.25,1136.0,1122.0,1131.1500244140625,95302,HCLTECH,BSE,yfinance,1d
2023-08-03,1126.0,1135.449951171875,1115.1500244140625,1124.949951171875,71432,HCLTECH,BSE,yfinance,1d
2023-08-04,1128.9000244140625,1152.1500244140625,1126.449951171875,1144.25,44076,HCLTECH,BSE,yfinance,1d
2023-08-07,1149.0,1155.5999755859375,1144.0,1151.050048828125,76117,HCLTECH,BSE,yfinance,1d
2023-08-08,1157.949951171875,1157.949951171875,1136.550048828125,1140.9000244140625,75290,HCLTECH,BSE,yfinance,1d
2023-08-09,1136.3499755859375,1146.300048828125,1125.0999755859375,1143.3499755859375,92413,HCLTECH,BSE,yfinance,1d
2023-08-10,1141.949951171875,1141.949951171875,1129.0,1134.5999755859375,68080,HCLTECH,BSE,yfinance,1d
2023-08-11,1170.0,1186.699951171875,1154.5,1171.3499755859375,431927,HCLTECH,BSE,yfinance,1d
2023-08-14,1174.949951171875,1176.550048828125,1154.5,1170.8499755859375,58842,HCLTECH,BSE,yfinance,1d
2023-08-16,1172.3499755859375,1186.0,1169.300048828125,1176.5,53660,HCLTECH,BSE,yfinance,1d
2023-08-17,1183.949951171875,1183.949951171875,1164.0,1176.5999755859375,47376,HCLTECH,BSE,yfinance,1d
2023-08-18,1176.550048828125,1178.0,1159.0,1174.199951171875,153608,HCLTECH,BSE,yfinance,1d
2023-08-21,1170.050048828125,1188.800048828125,1169.949951171875,1178.699951171875,67155,HCLTECH,BSE,yfinance,1d
2023-08-22,1184.6500244140625,1187.0,1176.25,1179.449951171875,32184,HCLTECH,BSE,yfinance,1d
2023-08-23,1192.800048828125,1192.8499755859375,1178.6500244140625,1182.1500244140625,40865,HCLTECH,BSE,yfinance,1d
2023-08-24,1190.0,1190.0,1169.0,1171.25,22509,HCLTECH,BSE,yfinance,1d
2023-08-25,1162.1500244140625,1171.0999755859375,1150.0,1154.699951171875,589652,HCLTECH,BSE,yfinance,1d
2023-08-28,1154.699951171875,1155.1500244140625,1139.4000244140625,1147.0,55324,HCLTECH,BSE,yfinance,1d
2023-08-29,1152.0,1163.800048828125,1148.6500244140625,1157.949951171875,55549,HCLTECH,BSE,yfinance,1d
2023-08-30,1165.949951171875,1175.800048828125,1161.5,1170.25,70629,HCLTECH,BSE,yfinance,1d
2023-08-31,1178.0,1188.0,1165.5,1172.9000244140625,29795,HCLTECH,BSE,yfinance,1d
2023-09-01,1173.0,1188.0,1171.050048828125,1185.4000244140625,99152,HCLTECH,BSE,yfinance,1d
2023-09-04,1185.0,1235.0,1184.8499755859375,1232.550048828125,86948,HCLTECH,BSE,yfinance,1d
2023-09-05,1233.0,1241.449951171875,1225.5,1234.8499755859375,163393,HCLTECH,BSE,yfinance,1d
2023-09-06,1233.0,1242.0,1222.6500244140625,1235.699951171875,29061,HCLTECH,BSE,yfinance,1d
2023-09-07,1236.050048828125,1256.800048828125,1230.4000244140625,1254.1500244140625,52000,HCLTECH,BSE,yfinance,1d
2023-09-08,1257.0,1269.5,1254.4000244140625,1262.0999755859375,211695,HCLTECH,BSE,yfinance,1d
2023-09-11,1271.0,1283.949951171875,1271.0,1280.949951171875,111291,HCLTECH,BSE,yfinance,1d
2023-09-12,1285.0,1291.0,1265.5999755859375,1281.699951171875,32324,HCLTECH,BSE,yfinance,1d
2023-09-13,1281.5,1282.449951171875,1266.0999755859375,1275.5,26921,HCLTECH,BSE,yfinance,1d
2023-09-14,1277.6500244140625,1290.4000244140625,1275.75,1283.5999755859375,52600,HCLTECH,BSE,yfinance,1d
2023-09-15,1292.0999755859375,1310.0,1290.8499755859375,1304.9000244140625,149350,HCLTECH,BSE,yfinance,1d
2023-09-18,1303.949951171875,1311.0,1289.5999755859375,1304.8499755859375,103075,HCLTECH,BSE,yfinance,1d
2023-09-20,1290.0,1303.800048828125,1283.949951171875,1293.5999755859375,33997,HCLTECH,BSE,yfinance,1d
2023-09-21,1278.6500244140625,1285.4000244140625,1258.6500244140625,1278.5,105600,HCLTECH,BSE,yfinance,1d
2023-09-22,1267.6500244140625,1283.25,1265.199951171875,1273.5,58411,HCLTECH,BSE,yfinance,1d
2023-09-25,1271.949951171875,1277.6500244140625,1256.449951171875,1263.4000244140625,42729,HCLTECH,BSE,yfinance,1d
2023-09-26,1265.5999755859375,1266.25,1257.0999755859375,1260.5999755859375,41534,HCLTECH,BSE,yfinance,1d
2023-09-27,1263.0,1266.800048828125,1253.5,1261.25,14354,HCLTECH,BSE,yfinance,1d
2023-09-28,1264.8499755859375,1265.0,1239.0,1243.1500244140625,59169,HCLTECH,BSE,yfinance,1d
2023-09-29,1238.75,1249.25,1227.3499755859375,1236.199951171875,93923,HCLTECH,BSE,yfinance,1d
2023-10-03,1225.050048828125,1256.5,1222.550048828125,1238.550048828125,72795,HCLTECH,BSE,yfinance,1d
2023-10-04,1235.3499755859375,1244.0,1226.4000244140625,1239.25,26097,HCLTECH,BSE,yfinance,1d
2023-10-05,1249.949951171875,1253.050048828125,1228.0999755859375,1235.9000244140625,37868,HCLTECH,BSE,yfinance,1d
2023-10-06,1249.800048828125,1255.550048828125,1232.300048828125,1236.1500244140625,132167,HCLTECH,BSE,yfinance,1d
2023-10-09,1226.0,1266.449951171875,1226.0,1248.5999755859375,73319,HCLTECH,BSE,yfinance,1d
2023-10-10,1259.75,1264.800048828125,1248.050048828125,1261.449951171875,29310,HCLTECH,BSE,yfinance,1d
2023-10-11,1266.5,1274.449951171875,1240.25,1245.75,38045,HCLTECH,BSE,yfinance,1d
2023-10-12,1249.949951171875,1249.949951171875,1215.25,1224.050048828125,95132,HCLTECH,BSE,yfinance,1d
2023-10-13,1213.949951171875,1266.0,1210.0,1255.300048828125,345095,HCLTECH,BSE,yfinance,1d
2023-10-16,1260.050048828125,1279.449951171875,1260.050048828125,1270.4000244140625,67164,HCLTECH,BSE,yfinance,1d
2023-10-17,1282.25,1282.25,1270.9000244140625,1277.0999755859375,23374,HCLTECH,BSE,yfinance,1d
2023-10-18,1278.0,1281.800048828125,1266.949951171875,1269.3499755859375,19946,HCLTECH,BSE,yfinance,1d
2023-10-19,1268.0,1274.699951171875,1264.800048828125,1267.5,16410,HCLTECH,BSE,yfinance,1d
2023-10-20,1257.4000244140625,1261.75,1245.4000244140625,1258.6500244140625,635454,HCLTECH,BSE,yfinance,1d
2023-10-23,1245.050048828125,1260.0,1230.300048828125,1234.8499755859375,57682,HCLTECH,BSE,yfinance,1d
2023-10-25,1230.0,1252.5999755859375,1227.0999755859375,1229.0,19274,HCLTECH,BSE,yfinance,1d
2023-10-26,1220.0,1238.0,1215.699951171875,1231.449951171875,103005,HCLTECH,BSE,yfinance,1d
2023-10-27,1240.800048828125,1270.5,1234.949951171875,1268.550048828125,64797,HCLTECH,BSE,yfinance,1d
2023-10-30,1268.699951171875,1273.8499755859375,1257.0,1264.5999755859375,24034,HCLTECH,BSE,yfinance,1d
2023-10-31,1270.0,1279.949951171875,1256.800048828125,1276.8499755859375,25568,HCLTECH,BSE,yfinance,1d
2023-11-01,1282.0,1285.6500244140625,1254.550048828125,1259.6500244140625,38492,HCLTECH,BSE,yfinance,1d
2023-11-02,1266.5999755859375,1274.75,1265.6500244140625,1273.300048828125,31157,HCLTECH,BSE,yfinance,1d
2023-11-03,1280.8499755859375,1287.199951171875,1262.449951171875,1266.3499755859375,99297,HCLTECH,BSE,yfinance,1d
2023-11-06,1275.0,1279.25,1265.0,1269.6500244140625,35251,HCLTECH,BSE,yfinance,1d
2023-11-07,1270.0,1277.5999755859375,1267.8499755859375,1273.8499755859375,16940,HCLTECH,BSE,yfinance,1d
2023-11-08,1274.0,1280.3499755859375,1265.9000244140625,1267.5999755859375,12780,HCLTECH,BSE,yfinance,1d
2023-11-09,1265.050048828125,1275.75,1262.0,1267.9000244140625,32362,HCLTECH,BSE,yfinance,1d
2023-11-10,1269.5,1271.0,1250.550048828125,1253.5999755859375,167454,HCLTECH,BSE,yfinance,1d
2023-11-13,1262.0,1263.25,1253.5999755859375,1260.800048828125,7356,HCLTECH,BSE,yfinance,1d
2023-11-15,1272.0,1283.0,1269.6500244140625,1275.199951171875,226029,HCLTECH,BSE,yfinance,1d
2023-11-16,1285.0,1318.0,1277.1500244140625,1311.050048828125,155083,HCLTECH,BSE,yfinance,1d
2023-11-17,1313.0,1325.5,1306.050048828125,1308.550048828125,150685,HCLTECH,BSE,yfinance,1d
2023-11-20,1312.3499755859375,1331.25,1312.3499755859375,1323.949951171875,110610,HCLTECH,BSE,yfinance,1d
2023-11-21,1338.949951171875,1338.949951171875,1322.5,1326.550048828125,62266,HCLTECH,BSE,yfinance,1d
2023-11-22,1323.0,1335.699951171875,1320.3499755859375,1329.449951171875,23573,HCLTECH,BSE,yfinance,1d
2023-11-23,1330.050048828125,1335.050048828125,1325.3499755859375,1329.1500244140625,15840,HCLTECH,BSE,yfinance,1d
2023-11-24,1329.949951171875,1331.5999755859375,1306.0,1308.5,56066,HCLTECH,BSE,yfinance,1d
2023-11-28,1309.0,1319.0,1295.199951171875,1316.800048828125,16977,HCLTECH,BSE,yfinance,1d
2023-11-29,1325.949951171875,1338.199951171875,1323.050048828125,1333.5999755859375,77334,HCLTECH,BSE,yfinance,1d
2023-11-30,1339.8499755859375,1346.75,1329.550048828125,1340.300048828125,128746,HCLTECH,BSE,yfinance,1d
2023-12-01,1348.449951171875,1348.449951171875,1327.699951171875,1334.0,262699,HCLTECH,BSE,yfinance,1d
2023-12-04,1350.0,1350.0,1331.300048828125,1336.699951171875,22421,HCLTECH,BSE,yfinance,1d
2023-12-05,1340.050048828125,1340.550048828125,1308.4000244140625,1317.300048828125,62931,HCLTECH,BSE,yfinance,1d
2023-12-06,1320.050048828125,1340.0,1319.300048828125,1329.6500244140625,128072,HCLTECH,BSE,yfinance,1d
2023-12-07,1333.949951171875,1337.1500244140625,1324.949951171875,1327.199951171875,105162,HCLTECH,BSE,yfinance,1d
2023-12-08,1328.5,1369.75,1328.5,1362.9000244140625,324737,HCLTECH,BSE,yfinance,1d
2023-12-11,1370.199951171875,1382.699951171875,1367.699951171875,1374.800048828125,139624,HCLTECH,BSE,yfinance,1d
2023-12-12,1375.0,1387.0,1370.0,1375.5,231106,HCLTECH,BSE,yfinance,1d
2023-12-13,1381.449951171875,1381.699951171875,1357.800048828125,1368.8499755859375,65144,HCLTECH,BSE,yfinance,1d
2023-12-14,1381.5,1420.0,1381.5,1413.550048828125,294818,HCLTECH,BSE,yfinance,1d
2023-12-15,1416.0999755859375,1497.0,1416.0999755859375,1492.4000244140625,533506,HCLTECH,BSE,yfinance,1d
2023-12-18,1491.8499755859375,1509.25,1480.300048828125,1504.300048828125,133385,HCLTECH,BSE,yfinance,1d
2023-12-19,1504.949951171875,1504.949951171875,1477.5999755859375,1488.1500244140625,250435,HCLTECH,BSE,yfinance,1d
2023-12-20,1487.949951171875,1502.5999755859375,1435.0,1439.9000244140625,72742,HCLTECH,BSE,yfinance,1d
2023-12-21,1417.1500244140625,1447.300048828125,1417.1500244140625,1421.75,48870,HCLTECH,BSE,yfinance,1d
2023-12-22,1432.449951171875,1466.949951171875,1422.949951171875,1462.0,118001,HCLTECH,BSE,yfinance,1d
2023-12-26,1463.0,1467.0999755859375,1442.0,1458.050048828125,52923,HCLTECH,BSE,yfinance,1d
2023-12-27,1460.050048828125,1475.949951171875,1457.9000244140625,1471.5999755859375,24390,HCLTECH,BSE,yfinance,1d
2023-12-28,1471.699951171875,1482.3499755859375,1468.8499755859375,1472.5,26589,HCLTECH,BSE,yfinance,1d
2023-12-29,1473.3499755859375,1481.75,1457.4000244140625,1466.0999755859375,101679,HCLTECH,BSE,yfinance,1d
2024-01-01,1455.050048828125,1495.0,1455.050048828125,1483.1500244140625,60077,HCLTECH,BSE,yfinance,1d
2024-01-02,1489.8499755859375,1489.8499755859375,1461.75,1469.1500244140625,33054,HCLTECH,BSE,yfinance,1d
2024-01-03,1460.0,1461.4000244140625,1436.0,1437.5,51615,HCLTECH,BSE,yfinance,1d
2024-01-04,1437.5,1443.75,1417.3499755859375,1419.6500244140625,58727,HCLTECH,BSE,yfinance,1d
2024-01-05,1424.1500244140625,1438.5,1421.5999755859375,1432.8499755859375,67851,HCLTECH,BSE,yfinance,1d
2024-01-08,1438.25,1451.75,1430.800048828125,1447.449951171875,105654,HCLTECH,BSE,yfinance,1d
2024-01-09,1461.0,1480.5,1454.0999755859375,1460.4000244140625,92198,HCLTECH,BSE,yfinance,1d
2024-01-10,1470.0,1507.25,1470.0,1491.75,162708,HCLTECH,BSE,yfinance,1d
2024-01-11,1504.8499755859375,1504.8499755859375,1474.0,1485.75,36230,HCLTECH,BSE,yfinance,1d
2024-01-12,1500.25,1554.75,1499.050048828125,1543.0,344485,HCLTECH,BSE,yfinance,1d
2024-01-15,1602.9000244140625,1617.6500244140625,1575.1500244140625,1587.699951171875,299115,HCLTECH,BSE,yfinance,1d
2024-01-16,1592.949951171875,1592.949951171875,1538.25,1555.199951171875,153079,HCLTECH,BSE,yfinance,1d
2024-01-17,1529.0999755859375,1584.949951171875,1517.699951171875,1576.050048828125,60398,HCLTECH,BSE,yfinance,1d
2024-01-18,1580.0,1583.5,1537.5999755859375,1567.5999755859375,151457,HCLTECH,BSE,yfinance,1d
2024-01-19,1574.9000244140625,1590.0,1558.3499755859375,1567.9000244140625,157696,HCLTECH,BSE,yfinance,1d
2024-01-23,1551.800048828125,1567.0,1517.0,1522.8499755859375,42830,HCLTECH,BSE,yfinance,1d
2024-01-24,1523.800048828125,1581.0,1523.800048828125,1575.199951171875,40361,HCLTECH,BSE,yfinance,1d
2024-01-25,1571.949951171875,1571.949951171875,1536.949951171875,1551.0,56657,HCLTECH,BSE,yfinance,1d
2024-01-29,1560.050048828125,1588.699951171875,1551.0,1574.8499755859375,32467,HCLTECH,BSE,yfinance,1d
2024-01-30,1585.5,1592.0,1550.0,1558.9000244140625,49889,HCLTECH,BSE,yfinance,1d
2024-01-31,1555.1500244140625,1580.3499755859375,1546.0999755859375,1575.800048828125,1472496,HCLTECH,BSE,yfinance,1d
2024-02-01,1573.5,1596.9000244140625,1566.300048828125,1576.5,28621,HCLTECH,BSE,yfinance,1d
2024-02-02,1585.0,1612.699951171875,1576.1500244140625,1583.5,72596,HCLTECH,BSE,yfinance,1d
2024-02-05,1583.5,1588.199951171875,1551.199951171875,1555.1500244140625,12685,HCLTECH,BSE,yfinance,1d
2024-02-06,1572.3499755859375,1627.25,1558.6500244140625,1624.0,1192898,HCLTECH,BSE,yfinance,1d
2024-02-07,1625.25,1629.199951171875,1599.0,1614.949951171875,63933,HCLTECH,BSE,yfinance,1d
2024-02-08,1625.0,1647.3499755859375,1616.699951171875,1634.449951171875,53974,HCLTECH,BSE,yfinance,1d
2024-02-09,1645.8499755859375,1646.0,1615.050048828125,1632.0,76340,HCLTECH,BSE,yfinance,1d
2024-02-12,1636.949951171875,1685.0,1636.949951171875,1666.1500244140625,157334,HCLTECH,BSE,yfinance,1d
2024-02-13,1670.25,1672.8499755859375,1648.5999755859375,1666.3499755859375,32968,HCLTECH,BSE,yfinance,1d
2024-02-14,1650.050048828125,1678.0,1625.5,1671.949951171875,84662,HCLTECH,BSE,yfinance,1d
2024-02-15,1676.5,1696.0,1649.75,1661.800048828125,52163,HCLTECH,BSE,yfinance,1d
2024-02-16,1678.449951171875,1678.449951171875,1650.25,1668.0,48622,HCLTECH,BSE,yfinance,1d
2024-02-19,1668.050048828125,1682.550048828125,1660.800048828125,1674.949951171875,42149,HCLTECH,BSE,yfinance,1d
2024-02-20,1671.0,1672.8499755859375,1645.1500244140625,1662.8499755859375,20734,HCLTECH,BSE,yfinance,1d
2024-02-21,1661.5999755859375,1664.5,1632.0999755859375,1635.6500244140625,28604,HCLTECH,BSE,yfinance,1d
2024-02-22,1636.949951171875,1691.75,1636.949951171875,1686.75,37922,HCLTECH,BSE,yfinance,1d
2024-02-23,1694.25,1696.5,1662.8499755859375,1665.699951171875,62567,HCLTECH,BSE,yfinance,1d
2024-02-26,1662.3499755859375,1664.3499755859375,1640.0,1649.5999755859375,16090,HCLTECH,BSE,yfinance,1d
2024-02-27,1649.5999755859375,1673.0,1649.5999755859375,1659.550048828125,30724,HCLTECH,BSE,yfinance,1d
2024-02-28,1663.0,1671.5,1643.550048828125,1650.5,29213,HCLTECH,BSE,yfinance,1d
2024-02-29,1641.050048828125,1678.4000244140625,1636.300048828125,1667.1500244140625,11866,HCLTECH,BSE,yfinance,1d
2024-03-01,1679.949951171875,1679.949951171875,1639.6500244140625,1644.449951171875,111686,HCLTECH,BSE,yfinance,1d
2024-03-04,1663.449951171875,1663.449951171875,1634.199951171875,1636.8499755859375,132929,HCLTECH,BSE,yfinance,1d
2024-03-05,1613.25,1629.949951171875,1608.0,1619.6500244140625,158293,HCLTECH,BSE,yfinance,1d
2024-03-06,1609.0999755859375,1649.0,1603.3499755859375,1644.25,871567,HCLTECH,BSE,yfinance,1d
2024-03-07,1645.300048828125,1653.699951171875,1630.4000244140625,1637.050048828125,142296,HCLTECH,BSE,yfinance,1d
2024-03-11,1652.75,1659.5999755859375,1633.800048828125,1638.5999755859375,63891,HCLTECH,BSE,yfinance,1d
2024-03-12,1637.9000244140625,1665.0,1633.449951171875,1635.0,140329,HCLTECH,BSE,yfinance,1d
2024-03-13,1636.3499755859375,1650.25,1611.0,1631.4000244140625,18116,HCLTECH,BSE,yfinance,1d
2024-03-14,1630.050048828125,1683.0,1612.8499755859375,1679.6500244140625,100239,HCLTECH,BSE,yfinance,1d
2024-03-18,1648.300048828125,1662.6500244140625,1634.199951171875,1641.949951171875,54382,HCLTECH,BSE,yfinance,1d
2024-03-19,1654.949951171875,1654.949951171875,1595.0,1598.949951171875,43733,HCLTECH,BSE,yfinance,1d
2024-03-20,1603.050048828125,1618.699951171875,1578.0999755859375,1586.6500244140625,42536,HCLTECH,BSE,yfinance,1d
2024-03-21,1600.449951171875,1618.9000244140625,1584.6500244140625,1597.300048828125,11861,HCLTECH,BSE,yfinance,1d
2024-03-22,1555.6500244140625,1567.5,1507.5,1558.050048828125,234870,HCLTECH,BSE,yfinance,1d
2024-03-26,1531.300048828125,1592.449951171875,1531.300048828125,1563.199951171875,77180,HCLTECH,BSE,yfinance,1d
2024-03-27,1567.050048828125,1576.5,1540.0999755859375,1547.25,42841,HCLTECH,BSE,yfinance,1d
2024-03-28,1547.4000244140625,1560.949951171875,1531.050048828125,1543.300048828125,88541,HCLTECH,BSE,yfinance,1d
2024-04-01,1547.1500244140625,1569.4000244140625,1547.1500244140625,1556.449951171875,41288,HCLTECH,BSE,yfinance,1d
2024-04-02,1569.1500244140625,1569.1500244140625,1525.050048828125,1528.0999755859375,35826,HCLTECH,BSE,yfinance,1d
2024-04-03,1527.800048828125,1558.449951171875,1519.25,1536.0999755859375,46804,HCLTECH,BSE,yfinance,1d
2024-04-04,1542.550048828125,1552.8499755859375,1519.0,1539.6500244140625,86896,HCLTECH,BSE,yfinance,1d
2024-04-05,1551.699951171875,1551.699951171875,1524.0,1545.5,65724,HCLTECH,BSE,yfinance,1d
2024-04-08,1551.25,1554.8499755859375,1537.4000244140625,1539.800048828125,47962,HCLTECH,BSE,yfinance,1d
2024-04-09,1540.0,1561.9000244140625,1535.0,1540.800048828125,39295,HCLTECH,BSE,yfinance,1d
2024-04-10,1542.3499755859375,1552.0,1536.6500244140625,1540.300048828125,39806,HCLTECH,BSE,yfinance,1d
2024-04-12,1542.449951171875,1543.0,1516.4000244140625,1520.8499755859375,117913,HCLTECH,BSE,yfinance,1d
2024-04-15,1501.550048828125,1530.0,1494.300048828125,1505.449951171875,33527,HCLTECH,BSE,yfinance,1d
2024-04-16,1487.5999755859375,1501.0,1467.699951171875,1476.300048828125,94415,HCLTECH,BSE,yfinance,1d
2024-04-18,1476.300048828125,1480.75,1452.1500244140625,1467.6500244140625,60559,HCLTECH,BSE,yfinance,1d
2024-04-19,1442.9000244140625,1455.199951171875,1435.5,1447.9000244140625,87708,HCLTECH,BSE,yfinance,1d
2024-04-22,1451.449951171875,1472.6500244140625,1450.25,1465.800048828125,58553,HCLTECH,BSE,yfinance,1d
2024-04-23,1472.25,1501.0,1472.0,1486.5999755859375,71655,HCLTECH,BSE,yfinance,1d
2024-04-24,1488.4000244140625,1497.300048828125,1476.3499755859375,1479.6500244140625,16658,HCLTECH,BSE,yfinance,1d
2024-04-25,1480.0,1514.9000244140625,1479.4000244140625,1503.6500244140625,83130,HCLTECH,BSE,yfinance,1d
2024-04-26,1526.550048828125,1530.9000244140625,1465.199951171875,1472.300048828125,98265,HCLTECH,BSE,yfinance,1d
2024-04-29,1416.8499755859375,1433.5,1381.1500244140625,1387.0999755859375,297783,HCLTECH,BSE,yfinance,1d
2024-04-30,1386.0,1397.3499755859375,1363.0,1367.550048828125,92790,HCLTECH,BSE,yfinance,1d
2024-05-02,1359.9000244140625,1377.8499755859375,1359.0,1360.4000244140625,107686,HCLTECH,BSE,yfinance,1d
2024-05-03,1368.550048828125,1370.050048828125,1333.4000244140625,1347.800048828125,84554,HCLTECH,BSE,yfinance,1d
2024-05-06,1359.949951171875,1364.5,1349.449951171875,1359.75,42566,HCLTECH,BSE,yfinance,1d
2024-05-07,1349.0,1349.0,1326.3499755859375,1330.699951171875,110018,HCLTECH,BSE,yfinance,1d
2024-05-08,1330.0,1334.449951171875,1308.0,1313.550048828125,82559,HCLTECH,BSE,yfinance,1d
2024-05-09,1319.550048828125,1339.0,1314.550048828125,1324.0999755859375,205185,HCLTECH,BSE,yfinance,1d
2024-05-10,1321.449951171875,1321.75,1303.5999755859375,1316.25,119852,HCLTECH,BSE,yfinance,1d
2024-05-13,1314.75,1320.0,1301.699951171875,1312.550048828125,62181,HCLTECH,BSE,yfinance,1d
2024-05-14,1320.5999755859375,1326.6500244140625,1308.75,1320.800048828125,82410,HCLTECH,BSE,yfinance,1d
2024-05-15,1318.0,1342.0,1318.0,1333.550048828125,45087,HCLTECH,BSE,yfinance,1d
2024-05-16,1339.0,1357.0,1328.75,1347.949951171875,120169,HCLTECH,BSE,yfinance,1d
2024-05-17,1352.449951171875,1352.449951171875,1330.0,1332.949951171875,51182,HCLTECH,BSE,yfinance,1d
2024-05-21,1349.6500244140625,1349.6500244140625,1314.800048828125,1342.25,37473,HCLTECH,BSE,yfinance,1d
2024-05-22,1345.050048828125,1352.949951171875,1340.0999755859375,1343.0999755859375,63135,HCLTECH,BSE,yfinance,1d
2024-05-23,1345.6500244140625,1358.0,1337.8499755859375,1353.4000244140625,105011,HCLTECH,BSE,yfinance,1d
2024-05-24,1362.0,1362.0,1340.0,1345.5999755859375,67978,HCLTECH,BSE,yfinance,1d
2024-05-27,1346.9000244140625,1359.199951171875,1338.1500244140625,1354.3499755859375,205121,HCLTECH,BSE,yfinance,1d
2024-05-28,1355.050048828125,1363.449951171875,1345.550048828125,1358.25,173696,HCLTECH,BSE,yfinance,1d
2024-05-29,1365.0,1365.0,1346.699951171875,1352.300048828125,44854,HCLTECH,BSE,yfinance,1d
2024-05-30,1352.0,1352.0,1325.1500244140625,1332.0,183029,HCLTECH,BSE,yfinance,1d
2024-05-31,1330.4000244140625,1340.5,1317.050048828125,1322.800048828125,336314,HCLTECH,BSE,yfinance,1d
2024-06-03,1350.0,1354.0,1310.5,1314.5999755859375,44874,HCLTECH,BSE,yfinance,1d
2024-06-04,1316.9000244140625,1320.9000244140625,1235.0,1304.5999755859375,454681,HCLTECH,BSE,yfinance,1d
2024-06-05,1315.199951171875,1356.800048828125,1315.199951171875,1343.449951171875,164690,HCLTECH,BSE,yfinance,1d
2024-06-06,1362.699951171875,1399.800048828125,1352.0,1397.75,94184,HCLTECH,BSE,yfinance,1d
2024-06-07,1405.0,1438.0,1397.75,1431.050048828125,501109,HCLTECH,BSE,yfinance,1d
2024-06-10,1448.75,1448.75,1397.4000244140625,1418.5,755615,HCLTECH,BSE,yfinance,1d
2024-06-11,1432.5999755859375,1437.5,1416.6500244140625,1429.800048828125,31611,HCLTECH,BSE,yfinance,1d
2024-06-12,1472.0,1472.0,1434.0,1436.6500244140625,202226,HCLTECH,BSE,yfinance,1d
2024-06-13,1449.3499755859375,1458.9000244140625,1437.25,1444.199951171875,46633,HCLTECH,BSE,yfinance,1d
2024-06-14,1444.0,1444.6500244140625,1424.0,1430.800048828125,106356,HCLTECH,BSE,yfinance,1d
2024-06-18,1438.0,1439.75,1426.5999755859375,1437.5999755859375,36515,HCLTECH,BSE,yfinance,1d
2024-06-19,1438.449951171875,1451.6500244140625,1430.199951171875,1445.0,144968,HCLTECH,BSE,yfinance,1d
2024-06-20,1445.0999755859375,1448.0999755859375,1428.800048828125,1444.1500244140625,119960,HCLTECH,BSE,yfinance,1d
2024-06-21,1459.0,1481.699951171875,1439.3499755859375,1447.9000244140625,382726,HCLTECH,BSE,yfinance,1d
2024-06-24,1439.3499755859375,1443.5999755859375,1428.199951171875,1440.300048828125,125855,HCLTECH,BSE,yfinance,1d
2024-06-25,1441.0,1450.5,1427.0,1448.550048828125,77010,HCLTECH,BSE,yfinance,1d
2024-06-26,1440.25,1453.3499755859375,1438.199951171875,1444.5,118609,HCLTECH,BSE,yfinance,1d
2024-06-27,1439.0,1459.9000244140625,1423.1500244140625,1456.25,143041,HCLTECH,BSE,yfinance,1d
2024-06-28,1470.300048828125,1470.300048828125,1441.699951171875,1459.5999755859375,532285,HCLTECH,BSE,yfinance,1d
2024-07-01,1461.699951171875,1478.5,1455.0,1468.75,130109,HCLTECH,BSE,yfinance,1d
2024-07-02,1479.5999755859375,1492.8499755859375,1472.6500244140625,1480.699951171875,51525,HCLTECH,BSE,yfinance,1d
2024-07-03,1491.5,1491.5,1471.5999755859375,1480.75,75391,HCLTECH,BSE,yfinance,1d
2024-07-04,1489.949951171875,1534.0,1486.0,1523.0,127946,HCLTECH,BSE,yfinance,1d
2024-07-05,1523.0,1529.0,1505.8499755859375,1519.25,331920,HCLTECH,BSE,yfinance,1d
2024-07-08,1520.050048828125,1539.800048828125,1506.75,1533.199951171875,40724,HCLTECH,BSE,yfinance,1d
2024-07-09,1539.949951171875,1546.449951171875,1525.199951171875,1530.8499755859375,49417,HCLTECH,BSE,yfinance,1d
2024-07-10,1539.0999755859375,1539.0999755859375,1487.949951171875,1510.050048828125,37273,HCLTECH,BSE,yfinance,1d
2024-07-11,1518.949951171875,1533.6500244140625,1507.9000244140625,1512.0,89915,HCLTECH,BSE,yfinance,1d
2024-07-12,1528.0999755859375,1565.5,1511.050048828125,1560.4000244140625,430412,HCLTECH,BSE,yfinance,1d
2024-07-15,1592.949951171875,1635.8499755859375,1567.3499755859375,1569.199951171875,400246,HCLTECH,BSE,yfinance,1d
2024-07-16,1556.1500244140625,1582.0,1555.5,1569.800048828125,75324,HCLTECH,BSE,yfinance,1d
2024-07-18,1562.3499755859375,1598.949951171875,1555.4000244140625,1593.9000244140625,221006,HCLTECH,BSE,yfinance,1d
2024-07-19,1604.050048828125,1616.5999755859375,1588.9000244140625,1594.3499755859375,153923,HCLTECH,BSE,yfinance,1d
2024-07-22,1593.4000244140625,1593.5999755859375,1570.3499755859375,1577.9000244140625,287987,HCLTECH,BSE,yfinance,1d
2024-07-23,1576.949951171875,1600.3499755859375,1550.25,1598.1500244140625,153017,HCLTECH,BSE,yfinance,1d
2024-07-24,1597.949951171875,1597.949951171875,1577.5999755859375,1584.5999755859375,55950,HCLTECH,BSE,yfinance,1d
2024-07-25,1560.75,1594.050048828125,1560.75,1588.199951171875,86427,HCLTECH,BSE,yfinance,1d
2024-07-26,1591.050048828125,1640.1500244140625,1591.050048828125,1634.199951171875,416453,HCLTECH,BSE,yfinance,1d
2024-07-29,1644.949951171875,1644.949951171875,1620.300048828125,1631.699951171875,31660,HCLTECH,BSE,yfinance,1d
2024-07-30,1631.550048828125,1632.449951171875,1618.1500244140625,1630.550048828125,17339,HCLTECH,BSE,yfinance,1d
2024-07-31,1625.0,1644.4000244140625,1618.949951171875,1641.949951171875,55712,HCLTECH,BSE,yfinance,1d
2024-08-01,1632.8499755859375,1655.0,1632.8499755859375,1640.1500244140625,29707,HCLTECH,BSE,yfinance,1d
2024-08-02,1624.8499755859375,1638.9000244140625,1602.6500244140625,1609.9000244140625,189452,HCLTECH,BSE,yfinance,1d
2024-08-05,1460.050048828125,1595.0,1460.050048828125,1562.199951171875,227374,HCLTECH,BSE,yfinance,1d
2024-08-06,1560.0999755859375,1604.9000244140625,1560.0999755859375,1582.300048828125,84943,HCLTECH,BSE,yfinance,1d
2024-08-07,1601.050048828125,1614.75,1591.1500244140625,1595.199951171875,65845,HCLTECH,BSE,yfinance,1d
2024-08-08,1604.1500244140625,1604.1500244140625,1554.9000244140625,1558.0999755859375,110799,HCLTECH,BSE,yfinance,1d
2024-08-09,1589.0,1601.949951171875,1575.050048828125,1590.449951171875,145214,HCLTECH,BSE,yfinance,1d
2024-08-12,1580.0999755859375,1600.199951171875,1573.5,1584.6500244140625,111207,HCLTECH,BSE,yfinance,1d
2024-08-13,1576.3499755859375,1608.5999755859375,1576.3499755859375,1592.6500244140625,91055,HCLTECH,BSE,yfinance,1d
2024-08-14,1597.0,1630.0,1597.0,1625.949951171875,122698,HCLTECH,BSE,yfinance,1d
2024-08-16,1633.699951171875,1674.0,1633.699951171875,1669.050048828125,96867,HCLTECH,BSE,yfinance,1d
2024-08-19,1667.8499755859375,1684.75,1660.0,1678.1500244140625,79532,HCLTECH,BSE,yfinance,1d
2024-08-20,1684.949951171875,1694.0,1669.949951171875,1685.949951171875,46032,HCLTECH,BSE,yfinance,1d
2024-08-21,1689.949951171875,1689.949951171875,1673.949951171875,1676.5999755859375,18298,HCLTECH,BSE,yfinance,1d
2024-08-22,1677.300048828125,1685.6500244140625,1673.6500244140625,1675.5999755859375,29400,HCLTECH,BSE,yfinance,1d
2024-08-23,1675.5999755859375,1686.25,1657.1500244140625,1663.199951171875,111009,HCLTECH,BSE,yfinance,1d
2024-08-26,1670.050048828125,1735.0,1666.8499755859375,1720.9000244140625,147169,HCLTECH,BSE,yfinance,1d
2024-08-27,1733.949951171875,1757.0,1704.3499755859375,1710.75,165171,HCLTECH,BSE,yfinance,1d
2024-08-28,1710.800048828125,1737.300048828125,1693.949951171875,1718.699951171875,40829,HCLTECH,BSE,yfinance,1d
2024-08-29,1716.25,1756.75,1697.0,1752.0,72899,HCLTECH,BSE,yfinance,1d
2024-08-30,1752.0,1766.0,1741.949951171875,1752.1500244140625,126453,HCLTECH,BSE,yfinance,1d
2024-09-02,1759.0,1812.0,1759.0,1807.050048828125,101011,HCLTECH,BSE,yfinance,1d
2024-09-03,1809.550048828125,1815.949951171875,1786.25,1789.8499755859375,70892,HCLTECH,BSE,yfinance,1d
2024-09-04,1765.0,1795.1500244140625,1763.6500244140625,1785.050048828125,34615,HCLTECH,BSE,yfinance,1d
2024-09-05,1786.5,1796.949951171875,1767.6500244140625,1790.3499755859375,32573,HCLTECH,BSE,yfinance,1d
2024-09-06,1788.0,1795.4000244140625,1740.199951171875,1754.1500244140625,93048,HCLTECH,BSE,yfinance,1d
2024-09-09,1754.300048828125,1766.3499755859375,1740.5999755859375,1745.800048828125,24834,HCLTECH,BSE,yfinance,1d
2024-09-10,1745.9000244140625,1788.050048828125,1745.9000244140625,1779.199951171875,29635,HCLTECH,BSE,yfinance,1d
2024-09-11,1779.949951171875,1796.699951171875,1774.0,1778.449951171875,51283,HCLTECH,BSE,yfinance,1d
2024-09-12,1795.9000244140625,1814.1500244140625,1778.0,1805.550048828125,89743,HCLTECH,BSE,yfinance,1d
2024-09-13,1814.550048828125,1820.0,1795.699951171875,1813.1500244140625,37974,HCLTECH,BSE,yfinance,1d
2024-09-16,1816.050048828125,1823.550048828125,1807.75,1811.0,40211,HCLTECH,BSE,yfinance,1d
2024-09-17,1819.5,1828.5999755859375,1807.3499755859375,1812.699951171875,57978,HCLTECH,BSE,yfinance,1d
2024-09-18,1811.949951171875,1811.949951171875,1740.449951171875,1755.6500244140625,70064,HCLTECH,BSE,yfinance,1d
2024-09-19,1784.75,1784.75,1721.699951171875,1737.25,48604,HCLTECH,BSE,yfinance,1d
2024-09-20,1757.699951171875,1765.699951171875,1720.699951171875,1759.050048828125,320658,HCLTECH,BSE,yfinance,1d
2024-09-23,1765.0,1765.0,1732.800048828125,1752.199951171875,30022,HCLTECH,BSE,yfinance,1d
2024-09-24,1756.8499755859375,1783.0999755859375,1739.5,1775.949951171875,31250,HCLTECH,BSE,yfinance,1d
2024-09-25,1779.0,1784.0,1755.1500244140625,1782.199951171875,121138,HCLTECH,BSE,yfinance,1d
2024-09-26,1754.949951171875,1808.800048828125,1754.949951171875,1785.300048828125,101261,HCLTECH,BSE,yfinance,1d
2024-09-27,1795.050048828125,1827.8499755859375,1795.050048828125,1808.699951171875,163306,HCLTECH,BSE,yfinance,1d
2024-09-30,1807.050048828125,1820.0,1789.0999755859375,1794.5,179749,HCLTECH,BSE,yfinance,1d
2024-10-01,1794.0,1822.0,1791.25,1814.949951171875,101457,HCLTECH,BSE,yfinance,1d
2024-10-03,1780.1500244140625,1809.0999755859375,1770.1500244140625,1776.4000244140625,57119,HCLTECH,BSE,yfinance,1d
2024-10-04,1777.949951171875,1807.3499755859375,1767.75,1776.1500244140625,151101,HCLTECH,BSE,yfinance,1d
2024-10-07,1778.050048828125,1804.199951171875,1768.0999755859375,1776.75,62328,HCLTECH,BSE,yfinance,1d
2024-10-08,1770.050048828125,1793.800048828125,1743.300048828125,1789.25,18677,HCLTECH,BSE,yfinance,1d
2024-10-09,1790.4000244140625,1824.6500244140625,1790.4000244140625,1810.0999755859375,99437,HCLTECH,BSE,yfinance,1d
2024-10-10,1821.949951171875,1839.550048828125,1797.0,1810.0,75223,HCLTECH,BSE,yfinance,1d
2024-10-11,1800.25,1852.0,1800.25,1839.550048828125,131429,HCLTECH,BSE,yfinance,1d
2024-10-14,1849.949951171875,1864.0,1831.8499755859375,1856.0,45681,HCLTECH,BSE,yfinance,1d
2024-10-15,1839.949951171875,1882.0,1833.6500244140625,1870.050048828125,207842,HCLTECH,BSE,yfinance,1d
2024-10-16,1869.0,1884.0,1854.3499755859375,1864.550048828125,30558,HCLTECH,BSE,yfinance,1d
2024-10-17,1879.449951171875,1879.449951171875,1852.0,1867.300048828125,41166,HCLTECH,BSE,yfinance,1d
2024-10-18,1867.0,1875.949951171875,1842.9000244140625,1857.199951171875,41400,HCLTECH,BSE,yfinance,1d
2024-10-21,1863.050048828125,1886.5999755859375,1840.0,1842.5,35643,HCLTECH,BSE,yfinance,1d
2024-10-22,1825.050048828125,1852.0,1819.199951171875,1822.449951171875,24008,HCLTECH,BSE,yfinance,1d
2024-10-23,1799.949951171875,1864.949951171875,1795.5999755859375,1846.0,138297,HCLTECH,BSE,yfinance,1d
2024-10-24,1846.0,1862.800048828125,1837.6500244140625,1844.75,41863,HCLTECH,BSE,yfinance,1d
2024-10-25,1858.0,1871.550048828125,1840.0,1851.1500244140625,94881,HCLTECH,BSE,yfinance,1d
2024-10-28,1841.050048828125,1876.699951171875,1841.050048828125,1871.550048828125,44848,HCLTECH,BSE,yfinance,1d
2024-10-29,1871.75,1875.949951171875,1851.75,1872.5,95283,HCLTECH,BSE,yfinance,1d
2024-10-30,1855.300048828125,1867.949951171875,1836.0,1839.5,34851,HCLTECH,BSE,yfinance,1d
2024-10-31,1849.949951171875,1849.949951171875,1757.050048828125,1767.949951171875,163578,HCLTECH,BSE,yfinance,1d
2024-11-01,1791.949951171875,1791.949951171875,1752.050048828125,1758.199951171875,20750,HCLTECH,BSE,yfinance,1d
2024-11-04,1761.5,1781.5999755859375,1745.050048828125,1763.3499755859375,118882,HCLTECH,BSE,yfinance,1d
2024-11-05,1763.4000244140625,1783.3499755859375,1761.6500244140625,1773.199951171875,80259,HCLTECH,BSE,yfinance,1d
2024-11-06,1797.0,1852.6500244140625,1786.75,1838.949951171875,182839,HCLTECH,BSE,yfinance,1d
2024-11-07,1859.949951171875,1862.550048828125,1814.8499755859375,1831.050048828125,65879,HCLTECH,BSE,yfinance,1d
2024-11-08,1835.0,1853.25,1827.6500244140625,1837.550048828125,72895,HCLTECH,BSE,yfinance,1d
2024-11-11,1840.0,1873.699951171875,1834.9000244140625,1867.0,55082,HCLTECH,BSE,yfinance,1d
2024-11-12,1889.949951171875,1891.550048828125,1862.9000244140625,1870.0,49750,HCLTECH,BSE,yfinance,1d
2024-11-13,1863.699951171875,1880.0,1859.0999755859375,1864.449951171875,23260,HCLTECH,BSE,yfinance,1d
2024-11-14,1860.9000244140625,1897.0,1846.3499755859375,1859.3499755859375,40804,HCLTECH,BSE,yfinance,1d
2024-11-18,1855.1500244140625,1862.8499755859375,1814.8499755859375,1833.050048828125,56462,HCLTECH,BSE,yfinance,1d
2024-11-19,1825.050048828125,1864.5,1817.0,1820.199951171875,56710,HCLTECH,BSE,yfinance,1d
2024-11-21,1830.0,1842.1500244140625,1820.949951171875,1836.0999755859375,20085,HCLTECH,BSE,yfinance,1d
2024-11-22,1851.199951171875,1902.0,1835.9000244140625,1899.050048828125,82273,HCLTECH,BSE,yfinance,1d
2024-11-25,1920.0,1921.0,1878.699951171875,1892.0,162308,HCLTECH,BSE,yfinance,1d
2024-11-26,1891.949951171875,1914.800048828125,1889.0999755859375,1898.699951171875,79952,HCLTECH,BSE,yfinance,1d
2024-11-27,1906.9000244140625,1916.300048828125,1886.9000244140625,1890.0999755859375,26803,HCLTECH,BSE,yfinance,1d
2024-11-28,1889.949951171875,1898.0999755859375,1835.800048828125,1842.050048828125,76914,HCLTECH,BSE,yfinance,1d
2024-11-29,1842.050048828125,1871.9000244140625,1833.949951171875,1848.9000244140625,121538,HCLTECH,BSE,yfinance,1d
2024-12-02,1850.0,1877.0,1835.75,1875.949951171875,50901,HCLTECH,BSE,yfinance,1d
2024-12-03,1875.9000244140625,1896.0,1873.300048828125,1889.050048828125,80659,HCLTECH,BSE,yfinance,1d
2024-12-04,1884.75,1911.449951171875,1877.8499755859375,1895.75,121877,HCLTECH,BSE,yfinance,1d
2024-12-05,1887.0,1937.449951171875,1884.5999755859375,1921.699951171875,99665,HCLTECH,BSE,yfinance,1d
2024-12-06,1921.949951171875,1939.0999755859375,1914.9000244140625,1923.0,149145,HCLTECH,BSE,yfinance,1d
2024-12-09,1915.4000244140625,1926.050048828125,1901.3499755859375,1909.449951171875,31360,HCLTECH,BSE,yfinance,1d
2024-12-10,1909.550048828125,1942.300048828125,1909.550048828125,1935.0999755859375,140636,HCLTECH,BSE,yfinance,1d
2024-12-11,1930.0,1934.5999755859375,1916.550048828125,1930.1500244140625,48615,HCLTECH,BSE,yfinance,1d
2024-12-12,1930.0,1948.6500244140625,1924.449951171875,1935.6500244140625,60988,HCLTECH,BSE,yfinance,1d
2024-12-13,1937.0,1975.0,1914.0,1968.300048828125,97608,HCLTECH,BSE,yfinance,1d
2024-12-16,1970.699951171875,1979.449951171875,1950.9000244140625,1953.75,46395,HCLTECH,BSE,yfinance,1d
2024-12-17,1948.800048828125,1963.199951171875,1937.6500244140625,1951.3499755859375,16433,HCLTECH,BSE,yfinance,1d
2024-12-18,1943.199951171875,1971.0,1943.199951171875,1959.199951171875,146746,HCLTECH,BSE,yfinance,1d
2024-12-19,1920.0,1945.0999755859375,1918.0,1933.3499755859375,19315,HCLTECH,BSE,yfinance,1d
2024-12-20,1959.6500244140625,1959.6500244140625,1897.0,1911.199951171875,48787,HCLTECH,BSE,yfinance,1d
2024-12-23,1920.0,1935.1500244140625,1899.75,1903.3499755859375,79186,HCLTECH,BSE,yfinance,1d
2024-12-24,1905.3499755859375,1923.0,1889.75,1896.300048828125,23540,HCLTECH,BSE,yfinance,1d
2024-12-26,1919.949951171875,1919.949951171875,1888.5,1901.449951171875,22705,HCLTECH,BSE,yfinance,1d
2024-12-27,1902.0,1902.75,1882.800048828125,1891.6500244140625,51723,HCLTECH,BSE,yfinance,1d
2024-12-30,1885.300048828125,1967.1500244140625,1866.6500244140625,1929.0,51663,HCLTECH,BSE,yfinance,1d
2024-12-31,1910.050048828125,1927.4000244140625,1879.9000244140625,1918.3499755859375,30524,HCLTECH,BSE,yfinance,1d
2025-01-01,1918.3499755859375,1937.0,1908.0999755859375,1913.1500244140625,58005,HCLTECH,BSE,yfinance,1d
2025-01-02,1886.050048828125,1976.3499755859375,1886.050048828125,1971.4000244140625,126990,HCLTECH,BSE,yfinance,1d
2025-01-03,1972.199951171875,1991.949951171875,1942.199951171875,1947.25,164121,HCLTECH,BSE,yfinance,1d
2025-01-06,1947.300048828125,1973.5,1929.25,1952.3499755859375,62618,HCLTECH,BSE,yfinance,1d
2025-01-07,1960.0,1979.949951171875,1909.25,1914.8499755859375,40602,HCLTECH,BSE,yfinance,1d
2025-01-08,1913.9000244140625,1938.8499755859375,1894.9000244140625,1933.3499755859375,66800,HCLTECH,BSE,yfinance,1d
2025-01-09,1929.949951171875,1944.0,1920.550048828125,1935.0999755859375,46511,HCLTECH,BSE,yfinance,1d
2025-01-10,1934.699951171875,2001.4000244140625,1934.699951171875,1995.5999755859375,133968,HCLTECH,BSE,yfinance,1d
2025-01-13,1996.0,2011.0,1965.550048828125,1985.25,123686,HCLTECH,BSE,yfinance,1d
2025-01-14,1939.949951171875,1939.949951171875,1798.4000244140625,1813.949951171875,356753,HCLTECH,BSE,yfinance,1d
2025-01-15,1838.8499755859375,1842.0,1813.050048828125,1825.9000244140625,71584,HCLTECH,BSE,yfinance,1d
2025-01-16,1844.949951171875,1844.949951171875,1785.0999755859375,1791.699951171875,95395,HCLTECH,BSE,yfinance,1d
2025-01-17,1774.6500244140625,1792.699951171875,1750.5999755859375,1789.550048828125,27261,HCLTECH,BSE,yfinance,1d
2025-01-20,1789.550048828125,1798.449951171875,1764.0,1795.75,50490,HCLTECH,BSE,yfinance,1d
2025-01-21,1795.699951171875,1821.1500244140625,1793.5,1801.699951171875,188309,HCLTECH,BSE,yfinance,1d
2025-01-22,1804.800048828125,1830.75,1804.0999755859375,1827.4000244140625,19971,HCLTECH,BSE,yfinance,1d
2025-01-23,1826.0,1828.050048828125,1802.8499755859375,1805.8499755859375,25452,HCLTECH,BSE,yfinance,1d
2025-01-24,1804.0999755859375,1828.5,1791.050048828125,1793.550048828125,28915,HCLTECH,BSE,yfinance,1d
2025-01-27,1781.050048828125,1781.050048828125,1707.199951171875,1711.0999755859375,71367,HCLTECH,BSE,yfinance,1d
2025-01-28,1713.050048828125,1729.9000244140625,1690.75,1693.800048828125,65510,HCLTECH,BSE,yfinance,1d
2025-01-29,1699.800048828125,1724.4000244140625,1696.949951171875,1719.3499755859375,30490,HCLTECH,BSE,yfinance,1d
2025-01-30,1720.9000244140625,1732.0,1698.0,1713.800048828125,28646,HCLTECH,BSE,yfinance,1d
2025-01-31,1713.800048828125,1737.75,1710.0,1725.199951171875,35217,HCLTECH,BSE,yfinance,1d
2025-02-03,1678.0,1700.800048828125,1662.0,1692.050048828125,17173,HCLTECH,BSE,yfinance,1d
2025-02-04,1698.949951171875,1736.0,1692.699951171875,1733.5999755859375,100819,HCLTECH,BSE,yfinance,1d
2025-02-05,1725.0,1746.4000244140625,1709.699951171875,1712.800048828125,31021,HCLTECH,BSE,yfinance,1d
2025-02-06,1737.550048828125,1737.550048828125,1713.0,1723.75,16735,HCLTECH,BSE,yfinance,1d
2025-02-07,1720.199951171875,1730.5999755859375,1701.0,1726.050048828125,18731,HCLTECH,BSE,yfinance,1d
2025-02-10,1726.0,1740.0,1711.6500244140625,1732.949951171875,39267,HCLTECH,BSE,yfinance,1d
2025-02-11,1748.949951171875,1749.0,1714.050048828125,1722.4000244140625,50720,HCLTECH,BSE,yfinance,1d
2025-02-12,1723.5,1739.800048828125,1700.0,1717.199951171875,16590,HCLTECH,BSE,yfinance,1d
2025-02-13,1708.050048828125,1729.199951171875,1700.4000244140625,1702.449951171875,13875,HCLTECH,BSE,yfinance,1d
2025-02-14,1719.949951171875,1723.300048828125,1700.8499755859375,1710.800048828125,22198,HCLTECH,BSE,yfinance,1d
2025-02-17,1715.75,1718.699951171875,1694.75,1709.699951171875,14443,HCLTECH,BSE,yfinance,1d
2025-02-18,1708.8499755859375,1728.699951171875,1703.050048828125,1724.75,125076,HCLTECH,BSE,yfinance,1d
2025-02-19,1729.25,1731.449951171875,1703.5,1710.949951171875,14354,HCLTECH,BSE,yfinance,1d
2025-02-20,1706.0,1714.0,1684.0,1688.199951171875,10252,HCLTECH,BSE,yfinance,1d
2025-02-21,1688.25,1704.0,1685.449951171875,1700.8499755859375,23550,HCLTECH,BSE,yfinance,1d
2025-02-24,1700.4000244140625,1700.4000244140625,1637.449951171875,1644.4000244140625,89681,HCLTECH,BSE,yfinance,1d
2025-02-25,1644.0,1652.25,1632.050048828125,1636.800048828125,119166,HCLTECH,BSE,yfinance,1d
2025-02-27,1620.0,1655.949951171875,1615.0,1631.25,132045,HCLTECH,BSE,yfinance,1d
2025-02-28,1610.8499755859375,1612.75,1563.5,1574.949951171875,159295,HCLTECH,BSE,yfinance,1d
2025-03-03,1575.0,1602.300048828125,1569.4000244140625,1572.9000244140625,54444,HCLTECH,BSE,yfinance,1d
2025-03-04,1555.050048828125,1557.800048828125,1523.6500244140625,1535.9000244140625,61970,HCLTECH,BSE,yfinance,1d
2025-03-05,1530.0,1581.0,1530.0,1572.5,70252,HCLTECH,BSE,yfinance,1d
2025-03-06,1580.0,1594.0,1576.199951171875,1585.1500244140625,101001,HCLTECH,BSE,yfinance,1d
2025-03-07,1591.449951171875,1591.449951171875,1555.8499755859375,1558.300048828125,58501,HCLTECH,BSE,yfinance,1d
2025-03-10,1568.800048828125,1572.0,1546.8499755859375,1549.300048828125,38237,HCLTECH,BSE,yfinance,1d
2025-03-11,1537.949951171875,1573.4000244140625,1521.25,1568.1500244140625,57485,HCLTECH,BSE,yfinance,1d
2025-03-12,1555.050048828125,1560.0,1507.3499755859375,1538.199951171875,219315,HCLTECH,BSE,yfinance,1d
2025-03-13,1545.0,1547.449951171875,1529.699951171875,1534.550048828125,60216,HCLTECH,BSE,yfinance,1d
2025-03-17,1534.5,1547.9000244140625,1519.25,1545.5999755859375,10074,HCLTECH,BSE,yfinance,1d
2025-03-18,1545.5999755859375,1561.550048828125,1531.4000244140625,1558.5,121676,HCLTECH,BSE,yfinance,1d
2025-03-19,1557.0,1559.300048828125,1525.0,1543.5,199848,HCLTECH,BSE,yfinance,1d
2025-03-20,1550.0,1581.75,1548.300048828125,1560.800048828125,72921,HCLTECH,BSE,yfinance,1d
2025-03-21,1545.0,1592.0999755859375,1521.199951171875,1567.6500244140625,195678,HCLTECH,BSE,yfinance,1d
2025-03-24,1584.0,1610.6500244140625,1560.199951171875,1604.0999755859375,157032,HCLTECH,BSE,yfinance,1d
2025-03-25,1631.050048828125,1659.0,1619.1500244140625,1626.25,254327,HCLTECH,BSE,yfinance,1d
2025-03-26,1639.8499755859375,1643.550048828125,1623.0,1633.300048828125,150123,HCLTECH,BSE,yfinance,1d
2025-03-27,1621.25,1638.199951171875,1612.25,1626.800048828125,180655,HCLTECH,BSE,yfinance,1d
2025-03-28,1626.0,1626.0,1582.949951171875,1590.949951171875,77978,HCLTECH,BSE,yfinance,1d
2025-04-01,1566.0999755859375,1585.0999755859375,1527.0,1529.449951171875,81274,HCLTECH,BSE,yfinance,1d
2025-04-02,1525.5999755859375,1538.0,1507.5999755859375,1527.449951171875,72696,HCLTECH,BSE,yfinance,1d
2025-04-03,1510.0,1510.0,1467.0,1470.800048828125,71308,HCLTECH,BSE,yfinance,1d
2025-04-04,1441.4000244140625,1457.75,1418.5,1421.800048828125,120784,HCLTECH,BSE,yfinance,1d
2025-04-07,1316.050048828125,1384.550048828125,1304.0,1375.300048828125,119755,HCLTECH,BSE,yfinance,1d
2025-04-08,1376.1500244140625,1424.0,1372.0,1403.199951171875,251580,HCLTECH,BSE,yfinance,1d
2025-04-09,1392.5999755859375,1392.5999755859375,1358.9000244140625,1380.449951171875,169594,HCLTECH,BSE,yfinance,1d
2025-04-11,1372.4000244140625,1425.0,1365.0,1390.300048828125,266049,HCLTECH,BSE,yfinance,1d
2025-04-15,1418.550048828125,1429.0999755859375,1405.550048828125,1426.6500244140625,63046,HCLTECH,BSE,yfinance,1d
2025-04-16,1421.949951171875,1434.6500244140625,1405.550048828125,1432.199951171875,83640,HCLTECH,BSE,yfinance,1d
2025-04-17,1424.949951171875,1442.0,1384.0,1438.050048828125,112914,HCLTECH,BSE,yfinance,1d
2025-04-21,1438.0,1498.9000244140625,1434.0,1480.0999755859375,173288,HCLTECH,BSE,yfinance,1d
2025-04-22,1497.4000244140625,1499.4000244140625,1464.9000244140625,1480.0999755859375,205724,HCLTECH,BSE,yfinance,1d
2025-04-23,1550.0999755859375,1599.5999755859375,1547.4000244140625,1594.300048828125,592468,HCLTECH,BSE,yfinance,1d
2025-04-24,1604.949951171875,1604.949951171875,1576.0999755859375,1586.9000244140625,230496,HCLTECH,BSE,yfinance,1d
2025-04-25,1586.0,1617.300048828125,1568.4000244140625,1579.300048828125,129033,HCLTECH,BSE,yfinance,1d
2025-04-28,1561.0,1569.6500244140625,1537.300048828125,1549.4000244140625,80193,HCLTECH,BSE,yfinance,1d
2025-04-29,1564.550048828125,1581.050048828125,1548.0999755859375,1571.4000244140625,73524,HCLTECH,BSE,yfinance,1d
2025-04-30,1572.800048828125,1586.449951171875,1556.449951171875,1564.050048828125,60281,HCLTECH,BSE,yfinance,1d
2025-05-02,1564.0999755859375,1580.949951171875,1557.5999755859375,1575.9000244140625,27207,HCLTECH,BSE,yfinance,1d
2025-05-05,1572.3499755859375,1597.0,1563.8499755859375,1569.0999755859375,43945,HCLTECH,BSE,yfinance,1d
2025-05-06,1570.949951171875,1583.5,1564.75,1579.0999755859375,75099,HCLTECH,BSE,yfinance,1d
2025-05-07,1546.0,1577.5,1546.0,1562.6500244140625,121431,HCLTECH,BSE,yfinance,1d
2025-05-08,1555.75,1597.699951171875,1555.75,1579.0999755859375,29880,HCLTECH,BSE,yfinance,1d
2025-05-09,1550.0,1576.699951171875,1550.0,1569.9000244140625,57658,HCLTECH,BSE,yfinance,1d
2025-05-12,1590.5999755859375,1674.4000244140625,1590.5999755859375,1669.6500244140625,143715,HCLTECH,BSE,yfinance,1d
2025-05-13,1679.300048828125,1684.9000244140625,1616.050048828125,1620.449951171875,119920,HCLTECH,BSE,yfinance,1d
2025-05-14,1621.3499755859375,1642.9000244140625,1619.199951171875,1637.75,40855,HCLTECH,BSE,yfinance,1d
2025-05-15,1640.199951171875,1702.800048828125,1625.0,1696.050048828125,193467,HCLTECH,BSE,yfinance,1d
2025-05-16,1699.699951171875,1699.699951171875,1658.0,1659.75,106463,HCLTECH,BSE,yfinance,1d
2025-05-19,1664.949951171875,1664.949951171875,1639.5999755859375,1649.6500244140625,85017,HCLTECH,BSE,yfinance,1d
2025-05-20,1665.699951171875,1665.699951171875,1636.0,1638.25,110812,HCLTECH,BSE,yfinance,1d
2025-05-21,1649.75,1657.949951171875,1628.25,1651.5999755859375,21935,HCLTECH,BSE,yfinance,1d
2025-05-22,1659.550048828125,1659.550048828125,1615.0,1633.949951171875,92683,HCLTECH,BSE,yfinance,1d
2025-05-23,1630.1500244140625,1670.0,1625.0,1648.25,69412,HCLTECH,BSE,yfinance,1d
2025-05-26,1650.25,1675.550048828125,1648.050048828125,1673.449951171875,99890,HCLTECH,BSE,yfinance,1d
2025-05-27,1674.9000244140625,1675.4000244140625,1642.0999755859375,1652.5,99071,HCLTECH,BSE,yfinance,1d
2025-05-28,1667.6500244140625,1667.6500244140625,1646.6500244140625,1657.6500244140625,70532,HCLTECH,BSE,yfinance,1d
2025-05-29,1670.0,1675.5999755859375,1656.0,1664.9000244140625,90973,HCLTECH,BSE,yfinance,1d
2025-05-30,1660.0999755859375,1661.0,1629.0999755859375,1637.550048828125,39629,HCLTECH,BSE,yfinance,1d
2025-06-02,1630.199951171875,1635.4000244140625,1606.0,1631.800048828125,139461,HCLTECH,BSE,yfinance,1d
2025-06-03,1640.050048828125,1651.0,1617.0999755859375,1630.25,176846,HCLTECH,BSE,yfinance,1d
2025-06-04,1637.0999755859375,1644.949951171875,1622.550048828125,1625.5999755859375,99780,HCLTECH,BSE,yfinance,1d
2025-06-05,1630.050048828125,1652.9000244140625,1625.6500244140625,1632.0999755859375,15070,HCLTECH,BSE,yfinance,1d
2025-06-06,1634.8499755859375,1639.8499755859375,1622.050048828125,1637.4000244140625,51516,HCLTECH,BSE,yfinance,1d
2025-06-09,1640.5999755859375,1657.5999755859375,1640.0,1648.5,21188,HCLTECH,BSE,yfinance,1d
2025-06-10,1649.4000244140625,1684.699951171875,1649.4000244140625,1667.949951171875,315879,HCLTECH,BSE,yfinance,1d
2025-06-11,1672.199951171875,1725.0,1666.050048828125,1721.5999755859375,124217,HCLTECH,BSE,yfinance,1d
2025-06-12,1722.050048828125,1723.75,1695.0,1702.0999755859375,176598,HCLTECH,BSE,yfinance,1d
2025-06-13,1669.3499755859375,1710.9000244140625,1663.9000244140625,1694.8499755859375,51436,HCLTECH,BSE,yfinance,1d
2025-06-16,1682.0999755859375,1729.0,1682.0999755859375,1723.050048828125,40697,HCLTECH,BSE,yfinance,1d
2025-06-17,1726.5999755859375,1738.0,1721.0,1730.1500244140625,477283,HCLTECH,BSE,yfinance,1d
2025-06-18,1722.25,1744.800048828125,1710.25,1715.699951171875,88245,HCLTECH,BSE,yfinance,1d
2025-06-19,1715.050048828125,1716.949951171875,1697.9000244140625,1713.9000244140625,142327,HCLTECH,BSE,yfinance,1d
2025-06-20,1716.199951171875,1742.8499755859375,1710.0,1739.75,16821,HCLTECH,BSE,yfinance,1d
2025-06-23,1734.949951171875,1734.949951171875,1700.0,1703.25,118538,HCLTECH,BSE,yfinance,1d
2025-06-24,1715.199951171875,1732.25,1688.449951171875,1691.5,610304,HCLTECH,BSE,yfinance,1d
2025-06-25,1692.25,1720.0,1692.25,1716.6500244140625,38726,HCLTECH,BSE,yfinance,1d
2025-06-26,1695.050048828125,1726.0,1695.050048828125,1723.699951171875,70483,HCLTECH,BSE,yfinance,1d
2025-06-27,1747.949951171875,1752.0,1711.050048828125,1725.0999755859375,41862,HCLTECH,BSE,yfinance,1d
2025-06-30,1725.199951171875,1734.199951171875,1712.800048828125,1727.699951171875,25510,HCLTECH,BSE,yfinance,1d
2025-07-01,1743.699951171875,1745.0,1713.75,1718.199951171875,36149,HCLTECH,BSE,yfinance,1d
2025-07-02,1726.75,1737.949951171875,1711.1500244140625,1718.0999755859375,207163,HCLTECH,BSE,yfinance,1d
2025-07-03,1718.0999755859375,1729.949951171875,1706.800048828125,1710.699951171875,70319,HCLTECH,BSE,yfinance,1d
2025-07-04,1712.5,1727.699951171875,1706.3499755859375,1725.3499755859375,11367,HCLTECH,BSE,yfinance,1d
2025-07-07,1725.0,1725.0,1704.0,1710.550048828125,49883,HCLTECH,BSE,yfinance,1d
2025-07-08,1709.8499755859375,1718.8499755859375,1687.5999755859375,1708.699951171875,51007,HCLTECH,BSE,yfinance,1d
2025-07-09,1708.699951171875,1711.699951171875,1671.5,1674.050048828125,200073,HCLTECH,BSE,yfinance,1d
2025-07-10,1680.0,1680.0,1649.0,1663.3499755859375,102987,HCLTECH,BSE,yfinance,1d
2025-07-11,1648.0999755859375,1655.4000244140625,1630.0,1637.0,117164,HCLTECH,BSE,yfinance,1d
2025-07-14,1652.3499755859375,1652.3499755859375,1607.050048828125,1619.949951171875,101505,HCLTECH,BSE,yfinance,1d
2025-07-15,1590.0999755859375,1620.75,1550.5,1567.050048828125,300735,HCLTECH,BSE,yfinance,1d
2025-07-16,1573.9000244140625,1573.9000244140625,1560.5,1562.8499755859375,245101,HCLTECH,BSE,yfinance,1d
2025-07-17,1563.0,1566.4000244140625,1542.0,1544.0999755859375,522163,HCLTECH,BSE,yfinance,1d
2025-07-18,1547.949951171875,1549.949951171875,1530.050048828125,1549.050048828125,78509,HCLTECH,BSE,yfinance,1d
2025-07-21,1549.050048828125,1549.050048828125,1526.0999755859375,1530.300048828125,205129,HCLTECH,BSE,yfinance,1d
2025-07-22,1539.800048828125,1539.800048828125,1518.300048828125,1520.4000244140625,31521,HCLTECH,BSE,yfinance,1d
2025-07-23,1520.4000244140625,1535.949951171875,1518.5,1530.050048828125,46863,HCLTECH,BSE,yfinance,1d
2025-07-24,1530.0999755859375,1535.949951171875,1502.0,1506.949951171875,89836,HCLTECH,BSE,yfinance,1d
2025-07-25,1504.800048828125,1511.300048828125,1488.0,1489.9000244140625,127163,HCLTECH,BSE,yfinance,1d
2025-07-28,1489.9000244140625,1491.0999755859375,1463.5999755859375,1466.050048828125,81262,HCLTECH,BSE,yfinance,1d
2025-07-29,1461.550048828125,1477.300048828125,1461.5,1473.3499755859375,247119,HCLTECH,BSE,yfinance,1d
2025-07-30,1474.199951171875,1484.8499755859375,1469.0,1476.800048828125,40387,HCLTECH,BSE,yfinance,1d
2025-07-31,1460.5,1482.5,1459.699951171875,1467.3499755859375,83413,HCLTECH,BSE,yfinance,1d
2025-08-01,1460.300048828125,1467.25,1449.9000244140625,1452.949951171875,44298,HCLTECH,BSE,yfinance,1d
2025-08-04,1450.3499755859375,1476.0,1441.0,1474.300048828125,72815,HCLTECH,BSE,yfinance,1d
2025-08-05,1478.300048828125,1485.449951171875,1471.0,1482.300048828125,21890,HCLTECH,BSE,yfinance,1d
2025-08-06,1482.0,1482.5999755859375,1456.4000244140625,1461.9000244140625,52217,HCLTECH,BSE,yfinance,1d
2025-08-07,1451.300048828125,1480.0,1450.449951171875,1476.4000244140625,25702,HCLTECH,BSE,yfinance,1d
2025-08-08,1473.300048828125,1482.0,1460.0,1475.449951171875,53849,HCLTECH,BSE,yfinance,1d
2025-08-11,1471.550048828125,1529.449951171875,1465.800048828125,1492.449951171875,98268,HCLTECH,BSE,yfinance,1d
2025-08-12,1486.550048828125,1509.9000244140625,1486.550048828125,1499.4000244140625,126283,HCLTECH,BSE,yfinance,1d
2025-08-13,1509.800048828125,1509.800048828125,1489.0,1500.4000244140625,221656,HCLTECH,BSE,yfinance,1d
2025-08-14,1500.050048828125,1516.050048828125,1486.4000244140625,1488.9000244140625,258063,HCLTECH,BSE,yfinance,1d
2025-08-18,1490.199951171875,1502.1500244140625,1476.199951171875,1487.25,200850,HCLTECH,BSE,yfinance,1d
2025-08-19,1480.0,1482.0,1468.949951171875,1477.3499755859375,52504,HCLTECH,BSE,yfinance,1d
2025-08-20,1475.0,1500.0,1458.6500244140625,1496.3499755859375,358156,HCLTECH,BSE,yfinance,1d
2025-08-21,1498.3499755859375,1505.9000244140625,1486.5,1492.8499755859375,52181,HCLTECH,BSE,yfinance,1d
2025-08-22,1492.800048828125,1492.800048828125,1464.050048828125,1466.449951171875,187720,HCLTECH,BSE,yfinance,1d
2025-08-25,1473.199951171875,1509.4000244140625,1473.199951171875,1504.5999755859375,134818,HCLTECH,BSE,yfinance,1d
2025-08-26,1501.4000244140625,1506.5999755859375,1487.5,1492.25,251035,HCLTECH,BSE,yfinance,1d
2025-08-28,1491.9000244140625,1491.9000244140625,1446.300048828125,1449.75,361402,HCLTECH,BSE,yfinance,1d
2025-08-29,1448.949951171875,1462.699951171875,1438.8499755859375,1455.449951171875,296841,HCLTECH,BSE,yfinance,1d
2025-09-01,1446.050048828125,1472.0,1446.050048828125,1468.800048828125,148932,HCLTECH,BSE,yfinance,1d
2025-09-02,1468.800048828125,1477.300048828125,1460.0999755859375,1464.949951171875,127966,HCLTECH,BSE,yfinance,1d
2025-09-03,1470.050048828125,1471.550048828125,1453.0,1466.199951171875,69506,HCLTECH,BSE,yfinance,1d
2025-09-04,1471.0,1471.0,1440.550048828125,1443.1500244140625,54234,HCLTECH,BSE,yfinance,1d
2025-09-05,1450.25,1451.6500244140625,1403.0,1419.550048828125,152684,HCLTECH,BSE,yfinance,1d
2025-09-08,1422.050048828125,1428.199951171875,1401.0,1403.0,156381,HCLTECH,BSE,yfinance,1d
2025-09-09,1405.300048828125,1431.699951171875,1405.300048828125,1427.949951171875,202478,HCLTECH,BSE,yfinance,1d
2025-09-10,1434.5,1471.949951171875,1433.0999755859375,1464.699951171875,121368,HCLTECH,BSE,yfinance,1d
2025-09-11,1464.699951171875,1470.550048828125,1458.6500244140625,1467.8499755859375,264436,HCLTECH,BSE,yfinance,1d
2025-09-12,1469.1500244140625,1479.800048828125,1462.699951171875,1466.699951171875,40117,HCLTECH,BSE,yfinance,1d
2025-09-15,1466.0999755859375,1468.199951171875,1452.800048828125,1466.0,28456,HCLTECH,BSE,yfinance,1d
2025-09-16,1463.449951171875,1485.9000244140625,1461.9000244140625,1482.5,18990,HCLTECH,BSE,yfinance,1d
2025-09-17,1490.0,1498.300048828125,1475.050048828125,1481.25,54679,HCLTECH,BSE,yfinance,1d
2025-09-18,1497.949951171875,1503.0,1486.1500244140625,1493.699951171875,35017,HCLTECH,BSE,yfinance,1d
2025-09-19,1493.0,1493.449951171875,1464.050048828125,1467.4000244140625,68727,HCLTECH,BSE,yfinance,1d
2025-09-22,1405.1500244140625,1448.9000244140625,1405.1500244140625,1440.4000244140625,172906,HCLTECH,BSE,yfinance,1d
2025-09-23,1441.050048828125,1444.6500244140625,1420.050048828125,1429.800048828125,113595,HCLTECH,BSE,yfinance,1d
2025-09-24,1425.0,1444.550048828125,1420.0999755859375,1442.3499755859375,81153,HCLTECH,BSE,yfinance,1d
2025-09-25,1434.75,1444.5999755859375,1415.9000244140625,1423.4000244140625,280256,HCLTECH,BSE,yfinance,1d
2025-09-26,1423.3499755859375,1423.800048828125,1392.3499755859375,1395.199951171875,40417,HCLTECH,BSE,yfinance,1d
2025-09-29,1396.0,1398.0,1383.050048828125,1386.949951171875,88362,HCLTECH,BSE,yfinance,1d
2025-09-30,1389.0999755859375,1404.6500244140625,1382.3499755859375,1385.0,23322,HCLTECH,BSE,yfinance,1d
2025-10-01,1385.0999755859375,1396.6500244140625,1382.0,1389.449951171875,79507,HCLTECH,BSE,yfinance,1d
2025-10-03,1391.550048828125,1399.4000244140625,1380.0999755859375,1393.25,39427,HCLTECH,BSE,yfinance,1d
2025-10-06,1399.300048828125,1420.9000244140625,1392.0,1416.6500244140625,113011,HCLTECH,BSE,yfinance,1d
2025-10-07,1420.449951171875,1441.5999755859375,1417.699951171875,1433.6500244140625,83952,HCLTECH,BSE,yfinance,1d
2025-10-08,1433.5,1459.0,1429.199951171875,1452.8499755859375,58931,HCLTECH,BSE,yfinance,1d
2025-10-09,1455.0,1491.0,1452.8499755859375,1486.4000244140625,92548,HCLTECH,BSE,yfinance,1d
2025-10-10,1489.050048828125,1498.75,1474.25,1494.699951171875,38710,HCLTECH,BSE,yfinance,1d
2025-10-13,1491.800048828125,1503.1500244140625,1476.300048828125,1494.699951171875,60044,HCLTECH,BSE,yfinance,1d
2025-10-14,1516.9000244140625,1534.6500244140625,1490.5,1495.1500244140625,461215,HCLTECH,BSE,yfinance,1d
2025-10-15,1495.449951171875,1508.8499755859375,1485.75,1496.199951171875,307427,HCLTECH,BSE,yfinance,1d
2025-10-16,1499.3499755859375,1518.4000244140625,1498.199951171875,1515.3499755859375,151476,HCLTECH,BSE,yfinance,1d
2025-10-17,1505.699951171875,1505.699951171875,1479.5,1487.4000244140625,232832,HCLTECH,BSE,yfinance,1d
2025-10-20,1486.1500244140625,1509.800048828125,1486.1500244140625,1495.75,76103,HCLTECH,BSE,yfinance,1d
2025-10-21,1495.75,1495.75,1495.75,1495.75,0,HCLTECH,BSE,yfinance,1d
2025-10-23,1500.800048828125,1547.75,1500.800048828125,1524.050048828125,320530,HCLTECH,BSE,yfinance,1d
2025-10-24,1529.800048828125,1532.050048828125,1516.199951171875,1523.6500244140625,65211,HCLTECH,BSE,yfinance,1d
2025-10-27,1525.050048828125,1549.5,1525.050048828125,1533.800048828125,37776,HCLTECH,BSE,yfinance,1d
2025-10-28,1533.800048828125,1542.3499755859375,1511.449951171875,1521.550048828125,56370,HCLTECH,BSE,yfinance,1d
2025-10-29,1523.9000244140625,1559.4000244140625,1523.800048828125,1557.300048828125,45179,HCLTECH,BSE,yfinance,1d
2025-10-30,1559.0,1559.75,1538.300048828125,1549.800048828125,217904,HCLTECH,BSE,yfinance,1d
2025-10-31,1549.800048828125,1558.0,1538.300048828125,1541.4000244140625,88844,HCLTECH,BSE,yfinance,1d
2025-11-03,1541.300048828125,1549.0,1528.199951171875,1544.949951171875,127489,HCLTECH,BSE,yfinance,1d
2025-11-04,1533.9000244140625,1539.8499755859375,1525.0,1528.699951171875,52875,HCLTECH,BSE,yfinance,1d
2025-11-06,1525.0,1531.75,1514.5,1526.3499755859375,145363,HCLTECH,BSE,yfinance,1d
2025-11-07,1519.0,1519.0,1489.5999755859375,1512.300048828125,94726,HCLTECH,BSE,yfinance,1d
2025-11-10,1531.050048828125,1544.5,1512.3499755859375,1540.800048828125,29450,HCLTECH,BSE,yfinance,1d
2025-11-11,1543.050048828125,1572.449951171875,1541.0999755859375,1569.8499755859375,137893,HCLTECH,BSE,yfinance,1d
2025-11-12,1576.9000244140625,1601.199951171875,1573.9000244140625,1594.0,93287,HCLTECH,BSE,yfinance,1d
2025-11-13,1595.699951171875,1605.050048828125,1580.1500244140625,1598.5,114118,HCLTECH,BSE,yfinance,1d
2025-11-14,1594.199951171875,1597.800048828125,1574.3499755859375,1593.949951171875,84697,HCLTECH,BSE,yfinance,1d
2025-11-17,1595.0,1608.0,1585.9000244140625,1606.4000244140625,81478,HCLTECH,BSE,yfinance,1d
2025-11-18,1606.5,1606.550048828125,1590.5,1594.75,36458,HCLTECH,BSE,yfinance,1d
2025-11-19,1594.0,1668.949951171875,1591.0,1663.0,165189,HCLTECH,BSE,yfinance,1d
2025-11-20,1664.5999755859375,1668.949951171875,1642.0,1645.3499755859375,162027,HCLTECH,BSE,yfinance,1d
2025-11-21,1638.0,1643.0,1606.199951171875,1608.300048828125,933778,HCLTECH,BSE,yfinance,1d
2025-11-24,1608.4000244140625,1640.0,1603.0,1613.949951171875,144001,HCLTECH,BSE,yfinance,1d
2025-11-25,1614.199951171875,1618.0,1593.949951171875,1600.699951171875,46652,HCLTECH,BSE,yfinance,1d
2025-11-26,1603.0,1627.4000244140625,1602.0,1617.75,25887,HCLTECH,BSE,yfinance,1d
2025-11-27,1623.949951171875,1632.449951171875,1616.0,1628.75,153410,HCLTECH,BSE,yfinance,1d
2025-11-28,1630.949951171875,1635.75,1619.0,1627.75,79086,HCLTECH,BSE,yfinance,1d
2025-12-01,1629.0,1646.3499755859375,1629.0,1643.199951171875,55397,HCLTECH,BSE,yfinance,1d
2025-12-02,1645.25,1650.0,1624.050048828125,1635.5,57444,HCLTECH,BSE,yfinance,1d
2025-12-03,1633.1500244140625,1652.4000244140625,1628.5,1639.5999755859375,94860,HCLTECH,BSE,yfinance,1d
2025-12-04,1641.449951171875,1671.949951171875,1641.449951171875,1655.0,177115,HCLTECH,BSE,yfinance,1d
2025-12-05,1667.449951171875,1691.1500244140625,1651.550048828125,1682.8499755859375,156293,HCLTECH,BSE,yfinance,1d
2025-12-08,1694.449951171875,1695.0,1677.6500244140625,1688.0,78039,HCLTECH,BSE,yfinance,1d
2025-12-09,1685.0,1685.0,1656.25,1657.699951171875,118819,HCLTECH,BSE,yfinance,1d
2025-12-10,1651.3499755859375,1670.8499755859375,1651.3499755859375,1665.550048828125,157597,HCLTECH,BSE,yfinance,1d
2025-12-11,1674.1500244140625,1677.75,1649.1500244140625,1672.449951171875,102227,HCLTECH,BSE,yfinance,1d
2025-12-12,1675.050048828125,1676.699951171875,1660.0,1672.4000244140625,74091,HCLTECH,BSE,yfinance,1d
2025-12-15,1672.3499755859375,1687.0,1659.4000244140625,1684.1500244140625,75909,HCLTECH,BSE,yfinance,1d
2025-12-16,1683.75,1683.75,1645.5999755859375,1652.1500244140625,133777,HCLTECH,BSE,yfinance,1d
2025-12-17,1657.4000244140625,1664.0,1645.449951171875,1654.4000244140625,39951,HCLTECH,BSE,yfinance,1d
2025-12-18,1659.0,1673.8499755859375,1651.199951171875,1661.449951171875,180929,HCLTECH,BSE,yfinance,1d
2025-12-19,1670.050048828125,1680.800048828125,1632.550048828125,1642.5,318524,HCLTECH,BSE,yfinance,1d
2025-12-22,1651.550048828125,1673.949951171875,1644.800048828125,1670.0,109259,HCLTECH,BSE,yfinance,1d
2025-12-23,1685.949951171875,1685.949951171875,1657.0,1678.9000244140625,58390,HCLTECH,BSE,yfinance,1d
2025-12-24,1678.75,1680.550048828125,1665.0,1674.9000244140625,99653,HCLTECH,BSE,yfinance,1d
2025-12-26,1665.3499755859375,1676.0,1650.0,1661.1500244140625,115183,HCLTECH,BSE,yfinance,1d
2025-12-29,1653.9000244140625,1660.0,1626.050048828125,1630.199951171875,75062,HCLTECH,BSE,yfinance,1d
2025-12-30,1630.0,1635.5,1611.699951171875,1615.1500244140625,185251,HCLTECH,BSE,yfinance,1d
2025-12-31,1621.6500244140625,1632.1500244140625,1616.449951171875,1624.3499755859375,57417,HCLTECH,BSE,yfinance,1d
2026-01-01,1619.949951171875,1645.699951171875,1618.050048828125,1635.3499755859375,106903,HCLTECH,BSE,yfinance,1d
2026-01-02,1631.949951171875,1642.5999755859375,1627.050048828125,1639.9000244140625,75361,HCLTECH,BSE,yfinance,1d
2026-01-05,1627.0,1630.699951171875,1580.5,1607.0999755859375,143531,HCLTECH,BSE,yfinance,1d
2026-01-06,1605.0,1625.1500244140625,1597.4000244140625,1616.300048828125,105320,HCLTECH,BSE,yfinance,1d
2026-01-07,1616.5,1653.5999755859375,1616.5,1648.449951171875,112826,HCLTECH,BSE,yfinance,1d
2026-01-08,1652.5999755859375,1660.0,1634.800048828125,1648.199951171875,175936,HCLTECH,BSE,yfinance,1d
2026-01-09,1648.199951171875,1674.5999755859375,1648.0999755859375,1662.300048828125,236768,HCLTECH,BSE,yfinance,1d
2026-01-12,1661.9000244140625,1676.3499755859375,1641.199951171875,1668.0999755859375,169979,HCLTECH,BSE,yfinance,1d
2026-01-13,1690.050048828125,1696.0,1626.4000244140625,1665.0,847475,HCLTECH,BSE,yfinance,1d
2026-01-14,1652.0,1678.0,1648.550048828125,1668.5999755859375,238782,HCLTECH,BSE,yfinance,1d
2026-01-16,1670.0,1701.0,1664.449951171875,1698.9000244140625,171173,HCLTECH,BSE,yfinance,1d
2026-01-19,1691.800048828125,1718.9000244140625,1685.0,1716.1500244140625,104275,HCLTECH,BSE,yfinance,1d
2026-01-20,1720.0,1720.0,1682.25,1690.75,125639,HCLTECH,BSE,yfinance,1d
2026-01-21,1690.699951171875,1692.449951171875,1669.0,1682.050048828125,74132,HCLTECH,BSE,yfinance,1d
2026-01-22,1682.25,1708.300048828125,1682.050048828125,1702.6500244140625,74809,HCLTECH,BSE,yfinance,1d
2026-01-23,1703.25,1720.800048828125,1698.9000244140625,1706.5999755859375,83326,HCLTECH,BSE,yfinance,1d
2026-01-27,1710.0999755859375,1725.0999755859375,1701.199951171875,1719.8499755859375,25613,HCLTECH,BSE,yfinance,1d
2026-01-28,1714.949951171875,1733.699951171875,1697.050048828125,1730.4000244140625,67199,HCLTECH,BSE,yfinance,1d
2026-01-29,1723.0,1724.0,1696.0,1721.1500244140625,64663,HCLTECH,BSE,yfinance,1d
2026-01-30,1707.1500244140625,1707.199951171875,1683.949951171875,1694.449951171875,70948,HCLTECH,BSE,yfinance,1d
2026-02-02,1668.449951171875,1688.8499755859375,1654.800048828125,1676.0999755859375,103750,HCLTECH,BSE,yfinance,1d
2026-02-03,1750.8499755859375,1770.0,1689.0,1693.699951171875,225961,HCLTECH,BSE,yfinance,1d
2026-02-04,1649.949951171875,1649.949951171875,1585.199951171875,1622.300048828125,285705,HCLTECH,BSE,yfinance,1d
2026-02-05,1608.5999755859375,1631.949951171875,1600.0999755859375,1608.800048828125,158532,HCLTECH,BSE,yfinance,1d
2026-02-06,1608.800048828125,1608.800048828125,1574.8499755859375,1593.550048828125,235364,HCLTECH,BSE,yfinance,1d
2026-02-09,1595.300048828125,1619.699951171875,1594.949951171875,1602.050048828125,30438,HCLTECH,BSE,yfinance,1d
2026-02-10,1600.75,1601.9000244140625,1568.0,1572.300048828125,408897,HCLTECH,BSE,yfinance,1d
2026-02-11,1573.0999755859375,1579.1500244140625,1546.5,1551.199951171875,62140,HCLTECH,BSE,yfinance,1d
2026-02-12,1530.0,1530.050048828125,1470.0,1476.0999755859375,660309,HCLTECH,BSE,yfinance,1d
2026-02-13,1414.050048828125,1476.0999755859375,1396.0,1454.949951171875,1348208,HCLTECH,BSE,yfinance,1d
2026-02-16,1456.0,1467.0,1447.25,1463.0,55454,HCLTECH,BSE,yfinance,1d
2026-02-17,1456.6500244140625,1510.5,1456.6500244140625,1482.6500244140625,181932,HCLTECH,BSE,yfinance,1d
2026-02-18,1477.5999755859375,1483.9000244140625,1444.0,1466.9000244140625,105038,HCLTECH,BSE,yfinance,1d
2026-02-19,1474.199951171875,1501.699951171875,1443.5,1450.4000244140625,135571,HCLTECH,BSE,yfinance,1d
2026-02-20,1449.75,1455.300048828125,1431.4000244140625,1437.050048828125,55030,HCLTECH,BSE,yfinance,1d
2026-02-23,1438.0,1441.6500244140625,1416.9000244140625,1426.3499755859375,188062,HCLTECH,BSE,yfinance,1d
2026-02-24,1400.050048828125,1403.050048828125,1322.25,1339.4000244140625,526983,HCLTECH,BSE,yfinance,1d
2026-02-25,1346.1500244140625,1391.3499755859375,1346.1500244140625,1376.8499755859375,218381,HCLTECH,BSE,yfinance,1d
2026-02-26,1389.0,1405.1500244140625,1368.949951171875,1373.449951171875,125653,HCLTECH,BSE,yfinance,1d
2026-02-27,1383.5,1404.5999755859375,1383.050048828125,1390.199951171875,243056,HCLTECH,BSE,yfinance,1d
2026-03-02,1350.0999755859375,1385.9000244140625,1350.0999755859375,1370.75,102773,HCLTECH,BSE,yfinance,1d
2026-03-04,1364.949951171875,1382.0,1360.0,1364.0,58499,HCLTECH,BSE,yfinance,1d
2026-03-05,1371.0999755859375,1376.9000244140625,1332.5,1354.0,98001,HCLTECH,BSE,yfinance,1d
2026-03-06,1354.0999755859375,1380.5,1354.0999755859375,1356.8499755859375,147362,HCLTECH,BSE,yfinance,1d
2026-03-09,1325.3499755859375,1372.800048828125,1325.3499755859375,1358.5999755859375,421462,HCLTECH,BSE,yfinance,1d
2026-03-10,1366.1500244140625,1366.199951171875,1344.9000244140625,1361.550048828125,71837,HCLTECH,BSE,yfinance,1d
2026-03-11,1372.300048828125,1372.8499755859375,1346.449951171875,1350.050048828125,62067,HCLTECH,BSE,yfinance,1d
2026-03-12,1347.050048828125,1363.3499755859375,1340.75,1358.449951171875,82029,HCLTECH,BSE,yfinance,1d
2026-03-13,1345.699951171875,1356.0999755859375,1320.5999755859375,1325.449951171875,98320,HCLTECH,BSE,yfinance,1d
2026-03-16,1275.699951171875,1337.3499755859375,1275.699951171875,1328.699951171875,106025,HCLTECH,BSE,yfinance,1d
2026-03-17,1329.949951171875,1329.949951171875,1298.0,1321.0,60896,HCLTECH,BSE,yfinance,1d
2026-03-18,1334.449951171875,1378.0,1327.199951171875,1357.4000244140625,110266,HCLTECH,BSE,yfinance,1d
2026-03-19,1349.4000244140625,1351.3499755859375,1309.0999755859375,1311.3499755859375,85182,HCLTECH,BSE,yfinance,1d
2026-03-20,1341.9000244140625,1352.75,1329.4000244140625,1334.050048828125,56348,HCLTECH,BSE,yfinance,1d
2026-03-23,1320.0,1365.25,1310.0,1358.449951171875,247585,HCLTECH,BSE,yfinance,1d
2026-03-24,1384.199951171875,1394.0,1360.0,1373.3499755859375,112228,HCLTECH,BSE,yfinance,1d
2026-03-25,1359.949951171875,1411.1500244140625,1356.0,1382.3499755859375,280595,HCLTECH,BSE,yfinance,1d
2026-03-27,1380.0,1408.0,1360.199951171875,1363.699951171875,168285,HCLTECH,BSE,yfinance,1d
2026-03-30,1358.550048828125,1358.75,1335.800048828125,1341.1500244140625,126798,HCLTECH,BSE,yfinance,1d
2026-04-01,1400.25,1400.300048828125,1350.199951171875,1354.8499755859375,57840,HCLTECH,BSE,yfinance,1d
2026-04-02,1347.0,1412.699951171875,1342.0,1401.8499755859375,252566,HCLTECH,BSE,yfinance,1d
2026-04-06,1400.800048828125,1422.449951171875,1390.699951171875,1402.550048828125,49379,HCLTECH,BSE,yfinance,1d
2026-04-07,1399.300048828125,1446.0,1387.0,1441.4000244140625,168269,HCLTECH,BSE,yfinance,1d
2026-04-08,1470.0,1470.0,1432.1500244140625,1457.199951171875,239928,HCLTECH,BSE,yfinance,1d
2026-04-09,1464.800048828125,1468.550048828125,1435.800048828125,1465.199951171875,950875,HCLTECH,BSE,yfinance,1d
2026-04-10,1450.050048828125,1458.6500244140625,1421.0,1450.9000244140625,109177,HCLTECH,BSE,yfinance,1d
2026-04-13,1444.949951171875,1446.199951171875,1418.0,1429.9000244140625,59523,HCLTECH,BSE,yfinance,1d
2026-04-15,1440.25,1475.0,1437.8499755859375,1451.300048828125,123120,HCLTECH,BSE,yfinance,1d
2026-04-16,1454.0,1468.199951171875,1434.449951171875,1450.699951171875,142079,HCLTECH,BSE,yfinance,1d
2026-04-17,1450.050048828125,1457.300048828125,1430.0,1442.5,289513,HCLTECH,BSE,yfinance,1d
2026-04-20,1442.699951171875,1450.0,1424.0,1428.3499755859375,68456,HCLTECH,BSE,yfinance,1d
2026-04-21,1428.5999755859375,1455.0,1422.5,1441.550048828125,114753,HCLTECH,BSE,yfinance,1d
2026-04-22,1344.050048828125,1380.0,1281.550048828125,1285.199951171875,1950841,HCLTECH,BSE,yfinance,1d
2026-04-23,1299.25,1299.25,1272.0,1277.199951171875,485589,HCLTECH,BSE,yfinance,1d
2026-04-24,1267.949951171875,1268.0,1198.5,1203.25,603353,HCLTECH,BSE,yfinance,1d
2026-04-27,1202.0999755859375,1231.949951171875,1201.0999755859375,1228.699951171875,417240,HCLTECH,BSE,yfinance,1d
2026-04-28,1223.449951171875,1232.449951171875,1193.0,1196.25,288587,HCLTECH,BSE,yfinance,1d
2026-04-29,1200.0,1210.699951171875,1192.5,1199.699951171875,214468,HCLTECH,BSE,yfinance,1d
2026-04-30,1200.0,1213.699951171875,1184.699951171875,1198.949951171875,242710,HCLTECH,BSE,yfinance,1d
2026-05-04,1209.949951171875,1212.0,1191.449951171875,1200.449951171875,270153,HCLTECH,BSE,yfinance,1d
2026-05-05,1200.449951171875,1205.5,1189.5,1200.5,90210,HCLTECH,BSE,yfinance,1d
2026-05-06,1205.0,1212.0,1186.3499755859375,1188.9000244140625,170584,HCLTECH,BSE,yfinance,1d
2026-05-07,1198.550048828125,1198.550048828125,1181.0999755859375,1183.449951171875,268906,HCLTECH,BSE,yfinance,1d
2026-05-08,1180.0,1202.699951171875,1176.8499755859375,1198.5999755859375,240026,HCLTECH,BSE,yfinance,1d
2026-05-11,1195.050048828125,1206.199951171875,1190.9000244140625,1194.949951171875,175929,HCLTECH,BSE,yfinance,1d
2026-05-12,1185.0,1185.0,1142.6500244140625,1145.800048828125,252935,HCLTECH,BSE,yfinance,1d
2026-05-13,1145.800048828125,1153.5,1136.6500244140625,1143.4000244140625,135697,HCLTECH,BSE,yfinance,1d
2026-05-14,1140.4000244140625,1140.4000244140625,1103.199951171875,1124.800048828125,423423,HCLTECH,BSE,yfinance,1d
2026-05-15,1124.0,1151.9000244140625,1121.050048828125,1132.699951171875,158371,HCLTECH,BSE,yfinance,1d
2026-05-18,1125.0999755859375,1149.5,1121.0999755859375,1146.800048828125,179039,HCLTECH,BSE,yfinance,1d
2026-05-19,1151.300048828125,1197.5999755859375,1151.300048828125,1179.0999755859375,359658,HCLTECH,BSE,yfinance,1d
2026-05-20,1173.6500244140625,1181.0,1162.25,1173.0,72792,HCLTECH,BSE,yfinance,1d
2026-05-21,1187.800048828125,1187.800048828125,1163.0999755859375,1168.3499755859375,242520,HCLTECH,BSE,yfinance,1d
2026-05-22,1168.699951171875,1175.5999755859375,1159.800048828125,1167.0,147045,HCLTECH,BSE,yfinance,1d
2026-05-25,1168.699951171875,1177.5,1162.0999755859375,1166.550048828125,61843,HCLTECH,BSE,yfinance,1d
2026-05-26,1166.5999755859375,1174.0,1160.1500244140625,1161.699951171875,119346,HCLTECH,BSE,yfinance,1d
2026-05-27,1157.0,1169.25,1154.300048828125,1165.1500244140625,84514,HCLTECH,BSE,yfinance,1d
2026-05-28,1165.1500244140625,1165.1500244140625,1165.1500244140625,1165.1500244140625,0,HCLTECH,BSE,yfinance,1d
2026-05-29,1185.0999755859375,1191.550048828125,1176.449951171875,1184.3499755859375,126969,HCLTECH,BSE,yfinance,1d
2026-06-01,1185.75,1212.8499755859375,1185.75,1195.0,255678,HCLTECH,BSE,yfinance,1d
2026-06-02,1209.0,1257.1500244140625,1202.25,1243.75,366654,HCLTECH,BSE,yfinance,1d
2026-06-03,1233.949951171875,1233.949951171875,1176.199951171875,1178.5,272270,HCLTECH,BSE,yfinance,1d
2026-06-04,1170.0,1176.0,1159.0,1168.5,79500,HCLTECH,BSE,yfinance,1d
2026-06-05,1176.050048828125,1182.550048828125,1147.0,1154.449951171875,122013,HCLTECH,BSE,yfinance,1d
2026-06-08,1149.9000244140625,1159.199951171875,1132.0,1150.5,133842,HCLTECH,BSE,yfinance,1d
2026-06-09,1168.5,1168.5,1136.199951171875,1146.0,55241,HCLTECH,BSE,yfinance,1d
2026-06-10,1140.0,1152.199951171875,1130.0,1132.050048828125,56435,HCLTECH,BSE,yfinance,1d
2026-06-11,1119.050048828125,1119.050048828125,1090.0,1110.0,174315,HCLTECH,BSE,yfinance,1d
2026-06-12,1124.449951171875,1124.449951171875,1100.699951171875,1109.199951171875,67945,HCLTECH,BSE,yfinance,1d
2026-06-15,1123.0,1127.5999755859375,1113.25,1119.1500244140625,87714,HCLTECH,BSE,yfinance,1d
2026-06-16,1149.949951171875,1161.949951171875,1137.25,1159.3499755859375,561554,HCLTECH,BSE,yfinance,1d
2026-06-17,1169.800048828125,1173.8499755859375,1159.5999755859375,1166.449951171875,178070,HCLTECH,BSE,yfinance,1d
2026-06-18,1158.5999755859375,1168.949951171875,1137.3499755859375,1161.6500244140625,79394,HCLTECH,BSE,yfinance,1d
2026-06-19,1114.0,1135.4000244140625,1091.9000244140625,1129.800048828125,363648,HCLTECH,BSE,yfinance,1d
2026-06-22,1138.550048828125,1148.5,1128.0,1130.0999755859375,63938,HCLTECH,BSE,yfinance,1d
2026-06-23,1125.0,1126.199951171875,1105.5999755859375,1109.9000244140625,87286,HCLTECH,BSE,yfinance,1d
2026-06-24,1100.0,1121.5,1093.199951171875,1113.3499755859375,249535,HCLTECH,BSE,yfinance,1d
2026-06-25,1134.949951171875,1134.949951171875,1097.5,1101.449951171875,1048031,HCLTECH,BSE,yfinance,1d
2026-06-26,1101.449951171875,1101.449951171875,1101.449951171875,1101.449951171875,0,HCLTECH,BSE,yfinance,1d
2026-06-29,1099.949951171875,1107.699951171875,1086.3499755859375,1103.1500244140625,227224,HCLTECH,BSE,yfinance,1d
2026-06-30,1104.300048828125,1105.6500244140625,1069.0,1072.0,228337,HCLTECH,BSE,yfinance,1d
2026-07-01,1071.949951171875,1076.75,1030.0,1034.9000244140625,564254,HCLTECH,BSE,yfinance,1d
2026-07-02,1046.0,1082.75,1046.0,1077.5,419034,HCLTECH,BSE,yfinance,1d
2026-07-03,1125.5,1159.25,1115.5,1139.8499755859375,951435,HCLTECH,BSE,yfinance,1d
2026-07-06,1148.4000244140625,1148.4000244140625,1126.1500244140625,1134.050048828125,199958,HCLTECH,BSE,yfinance,1d
2026-07-07,1136.949951171875,1174.949951171875,1134.5,1168.5,269267,HCLTECH,BSE,yfinance,1d
2026-07-08,1166.0,1176.5,1141.4000244140625,1145.4000244140625,270747,HCLTECH,BSE,yfinance,1d
2026-07-09,1145.4000244140625,1162.199951171875,1120.5,1149.5999755859375,318925,HCLTECH,BSE,yfinance,1d
2026-07-10,1173.949951171875,1191.699951171875,1153.25,1162.6500244140625,235603,HCLTECH,BSE,yfinance,1d
2026-07-13,1164.4000244140625,1237.1500244140625,1162.4000244140625,1221.0,590583,HCLTECH,BSE,yfinance,1d
2026-07-14,1211.800048828125,1211.800048828125,1164.0,1167.0,621060,HCLTECH,BSE,yfinance,1d
2026-07-15,1160.0,1180.8499755859375,1144.3499755859375,1167.800048828125,295633,HCLTECH,BSE,yfinance,1d
2026-07-16,1178.949951171875,1204.0,1173.949951171875,1188.050048828125,456337,HCLTECH,BSE,yfinance,1d
2026-07-17,1193.199951171875,1223.550048828125,1193.199951171875,1203.8499755859375,389597,HCLTECH,BSE,yfinance,1d
2026-07-20,1212.4000244140625,1224.0,1204.5,1221.0,299848,HCLTECH,BSE,yfinance,1d
2026-07-21,1210.0,1240.199951171875,1210.0,1239.5,226847,HCLTECH,BSE,yfinance,1d
2026-07-22,1243.0,1244.5,1227.949951171875,1237.25,172662,HCLTECH,BSE,yfinance,1d
2026-07-23,1237.1500244140625,1248.75,1228.300048828125,1244.8499755859375,153810,HCLTECH,BSE,yfinance,1d
2026-07-24,1240.0,1275.5,1235.199951171875,1270.699951171875,3083475,HCLTECH,BSE,yfinance,1d
2026-07-27,1285.0,1303.0,1277.449951171875,1295.8499755859375,364425,HCLTECH,BSE,yfinance,1d
2026-07-28,1302.050048828125,1341.949951171875,1298.75,1319.0999755859375,283951,HCLTECH,BSE,yfinance,1d
2026-07-29,1340.0,1352.25,1323.5,1343.5999755859375,669850,HCLTECH,BSE,yfinance,1d
2026-07-30,1350.0,1369.800048828125,1345.5,1353.199951171875,261267,HCLTECH,BSE,yfinance,1d
2026-07-31,1332.300048828125,1356.0,1293.300048828125,1346.5,242455,HCLTECH,BSE,yfinance,1d
2026-08-03,1359.5999755859375,1366.5,1344.0,1362.0999755859375,76250,HCLTECH,BSE,yfinance,1d
2026-08-04,1379.75,1379.75,1347.4000244140625,1356.199951171875,81884,HCLTECH,BSE,yfinance,1d
2026-08-05,1377.949951171875,1377.949951171875,1338.0,1341.0,97118,HCLTECH,BSE,yfinance,1d
2026-08-06,1347.0,1362.8499755859375,1333.0,1341.0,131317,HCLTECH,BSE,yfinance,1d
2026-08-07,1327.0,1368.5,1327.0,1348.9000244140625,132276,HCLTECH,BSE,yfinance,1d
2026-08-10,1358.949951171875,1367.699951171875,1351.800048828125,1357.0,55471,HCLTECH,BSE,yfinance,1d
2026-08-11,1364.8499755859375,1379.699951171875,1359.199951171875,1360.9000244140625,92728,HCLTECH,BSE,yfinance,1d
2026-08-12,1365.800048828125,1372.5,1340.5999755859375,1359.800048828125,50099,HCLTECH,BSE,yfinance,1d
2026-08-13,1364.949951171875,1374.0999755859375,1354.800048828125,1374.0999755859375,132095,HCLTECH,BSE,yfinance,1d
2026-08-14,1370.0,1375.0,1346.3499755859375,1360.0,81931,HCLTECH,BSE,yfinance,1d
